0.728103	-0.420371
1.456207	-0.840741
2.184310	-1.261112
2.912413	-1.681483
3.640517	-2.101853
4.368620	-2.522224
5.096724	-2.942595
5.824827	-3.362965
6.552930	-3.783336
7.281034	-4.203707
8.009137	-4.624077
8.737240	-5.044448
9.465344	-5.464819
10.193447	-5.885189
10.921550	-6.305560
11.649654	-6.725931
12.377757	-7.146301
13.105861	-7.566672
13.833964	-7.987043
14.562067	-8.407413
15.290171	-8.827784
16.018274	-9.248155
16.746377	-9.668525
17.474481	-10.088896
18.202584	-10.509267
18.930688	-10.929637
19.658791	-11.350008
20.386894	-11.770379
21.114998	-12.190749
21.843101	-12.611120
22.571204	-13.031491
23.299308	-13.451861
24.027411	-13.872232
24.755514	-14.292603
25.483618	-14.712973
26.211721	-15.133344
26.939825	-15.553715
27.667928	-15.974085
28.396031	-16.394456
29.124135	-16.814827
29.852238	-17.235197
30.580341	-17.655568
31.308445	-18.075939
32.036548	-18.496309
32.764651	-18.916680
33.492755	-19.337051
34.220858	-19.757421
34.948962	-20.177792
35.677065	-20.598163
36.405168	-21.018533
37.133272	-21.438904
37.861375	-21.859275
38.589478	-22.279645
39.317582	-22.700016
40.045685	-23.120387
40.773789	-23.540757
41.501892	-23.961128
42.229995	-24.381499
42.958099	-24.801869
43.686202	-25.222240
44.414305	-25.642611
45.142409	-26.062981
45.870512	-26.483352
46.598615	-26.903723
47.326719	-27.324093
48.054822	-27.744464
48.782926	-28.164835
49.511029	-28.585205
50.239132	-29.005576
50.967236	-29.425947
51.695339	-29.846317
52.423442	-30.266688
53.151546	-30.687059
53.879649	-31.107429
54.607752	-31.527800
55.335856	-31.948171
56.063959	-32.368541
56.792063	-32.788912
57.520166	-33.209283
58.248269	-33.629653
58.976373	-34.050024
59.704476	-34.470395
60.432579	-34.890765
61.160683	-35.311136
61.888786	-35.731507
62.616890	-36.151877
63.344993	-36.572248
64.073096	-36.992619
64.801200	-37.412989
65.529303	-37.833360
66.257406	-38.253731
66.985510	-38.674101
67.713613	-39.094472
68.441716	-39.514843
69.169820	-39.935213
69.897923	-40.355584
70.626027	-40.775955
71.354130	-41.196325
72.082233	-41.616696
72.810337	-42.037067
73.538440	-42.457437
74.266543	-42.877808
74.994647	-43.298179
75.722750	-43.718549
76.450853	-44.138920
77.178957	-44.559291
77.907060	-44.979661
78.635164	-45.400032
79.363267	-45.820403
80.091370	-46.240773
80.819474	-46.661144
81.547577	-47.081515
81.547577	-47.081515
81.547577	-47.081515
81.547577	-47.081515
81.547577	-47.081515
81.547577	-47.081515
81.547577	-47.081515
81.547577	-47.081515
81.547577	-47.081515
81.547577	-47.081515
81.547577	-47.081515
81.547577	-47.081515
81.547577	-47.081515
81.547577	-47.081515
81.547577	-47.081515
81.547577	-47.081515
81.547577	-47.081515
81.547577	-47.081515
81.547577	-47.081515
81.547577	-47.081515
81.547577	-47.081515
81.547577	-47.081515
81.547577	-47.081515
81.547577	-47.081515
81.547577	-47.081515
81.547577	-47.081515
81.547577	-47.081515
81.547577	-47.081515
81.547577	-47.081515
81.547577	-47.081515
81.547577	-47.081515
81.547577	-47.081515
81.547577	-47.081515
81.547577	-47.081515
81.547577	-47.081515
81.547577	-47.081515
81.547577	-47.081515
81.547577	-47.081515
81.547577	-47.081515
81.547577	-47.081515
81.547577	-47.081515
81.547577	-47.081515
81.547577	-47.081515
81.547577	-47.081515
81.547577	-47.081515
81.547577	-47.081515
81.547577	-47.081515
81.547577	-47.081515
81.547577	-47.081515
81.547577	-47.081515
81.547577	-47.081515
81.547577	-47.081515
81.547577	-47.081515
81.547577	-47.081515
81.547577	-47.081515
81.547577	-47.081515
81.547577	-47.081515
81.547577	-47.081515
81.547577	-47.081515
81.547577	-47.081515
81.547577	-47.081515
81.547577	-47.081515
81.547577	-47.081515
81.547577	-47.081515
81.547577	-47.081515
81.547577	-47.081515
81.547577	-47.081515
81.547577	-47.081515
81.547577	-47.081515
81.547577	-47.081515
81.547577	-47.081515
81.547577	-47.081515
81.547577	-47.081515
81.547577	-47.081515
81.547577	-47.081515
81.547577	-47.081515
81.547577	-47.081515
81.547577	-47.081515
81.547577	-47.081515
81.547577	-47.081515
81.547577	-47.081515
80.710574	-47.160706
79.873570	-47.239898
79.036567	-47.319089
78.199563	-47.398280
77.362560	-47.477472
76.525557	-47.556663
75.688553	-47.635855
74.851550	-47.715046
74.014546	-47.794238
73.177543	-47.873429
72.340539	-47.952621
71.503536	-48.031812
70.666533	-48.111004
69.829529	-48.190195
68.992526	-48.269387
68.155522	-48.348578
67.318519	-48.427770
66.481516	-48.506961
65.644512	-48.586152
64.807509	-48.665344
63.970505	-48.744535
63.133502	-48.823727
62.296498	-48.902918
61.459495	-48.982110
60.622492	-49.061301
59.785488	-49.140493
58.948485	-49.219684
58.111481	-49.298876
57.274478	-49.378067
56.437475	-49.457259
55.600471	-49.536450
54.763468	-49.615642
53.926464	-49.694833
53.089461	-49.774024
52.252457	-49.853216
51.415454	-49.932407
50.578451	-50.011599
49.741447	-50.090790
48.904444	-50.169982
48.067440	-50.249173
47.230437	-50.328365
46.393434	-50.407556
45.556430	-50.486748
44.719427	-50.565939
43.882423	-50.645131
43.045420	-50.724322
42.208416	-50.803514
41.371413	-50.882705
40.534410	-50.961896
39.697406	-51.041088
38.860403	-51.120279
38.023399	-51.199471
37.186396	-51.278662
36.349393	-51.357854
35.512389	-51.437045
34.675386	-51.516237
33.838382	-51.595428
33.001379	-51.674620
32.164375	-51.753811
31.327372	-51.833003
30.490369	-51.912194
29.653365	-51.991386
28.816362	-52.070577
27.979358	-52.149768
27.142355	-52.228960
26.305351	-52.308151
25.468348	-52.387343
24.631345	-52.466534
23.794341	-52.545726
22.957338	-52.624917
22.120334	-52.704109
21.283331	-52.783300
20.446328	-52.862492
19.609324	-52.941683
18.772321	-53.020875
17.935317	-53.100066
17.098314	-53.179258
16.261310	-53.258449
15.424307	-53.337640
14.587304	-53.416832
13.750300	-53.496023
12.913297	-53.575215
12.076293	-53.654406
11.239290	-53.733598
10.402287	-53.812789
9.565283	-53.891981
8.728280	-53.971172
7.891276	-54.050364
7.054273	-54.129555
6.217269	-54.208747
5.380266	-54.287938
4.543263	-54.367130
3.706259	-54.446321
2.869256	-54.525512
2.032252	-54.604704
1.195249	-54.683895
0.358246	-54.763087
-0.478758	-54.842278
-1.315761	-54.921470
-2.152765	-55.000661
-2.989768	-55.079853
-3.826772	-55.159044
-4.663775	-55.238236
-5.500778	-55.317427
-6.337782	-55.396619
-7.174785	-55.475810
-8.011789	-55.555002
-8.848792	-55.634193
-9.685795	-55.713384
-10.522799	-55.792576
-11.359802	-55.871767
-12.196806	-55.950959
-12.196806	-55.950959
-12.196806	-55.950959
-12.196806	-55.950959
-12.196806	-55.950959
-12.196806	-55.950959
-12.196806	-55.950959
-12.196806	-55.950959
-12.196806	-55.950959
-12.196806	-55.950959
-12.196806	-55.950959
-12.196806	-55.950959
-12.196806	-55.950959
-12.196806	-55.950959
-12.196806	-55.950959
-12.196806	-55.950959
-12.196806	-55.950959
-12.196806	-55.950959
-12.196806	-55.950959
-12.196806	-55.950959
-12.196806	-55.950959
-12.196806	-55.950959
-12.196806	-55.950959
-12.196806	-55.950959
-12.196806	-55.950959
-12.196806	-55.950959
-12.196806	-55.950959
-12.196806	-55.950959
-12.196806	-55.950959
-12.196806	-55.950959
-12.196806	-55.950959
-12.196806	-55.950959
-12.196806	-55.950959
-12.196806	-55.950959
-12.196806	-55.950959
-12.196806	-55.950959
-12.196806	-55.950959
-12.196806	-55.950959
-12.196806	-55.950959
-12.196806	-55.950959
-12.196806	-55.950959
-12.196806	-55.950959
-12.196806	-55.950959
-12.196806	-55.950959
-12.196806	-55.950959
-12.196806	-55.950959
-12.196806	-55.950959
-12.196806	-55.950959
-12.196806	-55.950959
-12.196806	-55.950959
-12.196806	-55.950959
-12.196806	-55.950959
-12.196806	-55.950959
-12.196806	-55.950959
-12.196806	-55.950959
-12.196806	-55.950959
-12.196806	-55.950959
-12.196806	-55.950959
-12.196806	-55.950959
-12.196806	-55.950959
-12.196806	-55.950959
-12.196806	-55.950959
-12.196806	-55.950959
-12.196806	-55.950959
-12.196806	-55.950959
-12.196806	-55.950959
-12.196806	-55.950959
-12.196806	-55.950959
-12.196806	-55.950959
-12.196806	-55.950959
-12.196806	-55.950959
-12.196806	-55.950959
-12.196806	-55.950959
-12.196806	-55.950959
-12.196806	-55.950959
-12.196806	-55.950959
-12.196806	-55.950959
-12.196806	-55.950959
-12.196806	-55.950959
-12.196806	-55.950959
-11.556236	-55.406425
-10.915667	-54.861892
-10.275098	-54.317358
-9.634528	-53.772824
-8.993959	-53.228290
-8.353390	-52.683757
-7.712820	-52.139223
-7.072251	-51.594689
-6.431682	-51.050156
-5.791112	-50.505622
-5.150543	-49.961088
-4.509974	-49.416555
-3.869404	-48.872021
-3.228835	-48.327487
-2.588266	-47.782953
-1.947696	-47.238420
-1.307127	-46.693886
-0.666558	-46.149352
-0.025988	-45.604819
0.614581	-45.060285
1.255150	-44.515751
1.895720	-43.971218
2.536289	-43.426684
3.176858	-42.882150
3.817428	-42.337617
4.457997	-41.793083
5.098566	-41.248549
5.739136	-40.704015
6.379705	-40.159482
7.020274	-39.614948
7.660843	-39.070414
8.301413	-38.525881
8.941982	-37.981347
9.582551	-37.436813
10.223121	-36.892280
10.863690	-36.347746
11.504259	-35.803212
12.144829	-35.258679
12.785398	-34.714145
13.425967	-34.169611
14.066537	-33.625077
14.707106	-33.080544
15.347675	-32.536010
15.988245	-31.991476
16.628814	-31.446943
17.269383	-30.902409
17.909953	-30.357875
18.550522	-29.813342
19.191091	-29.268808
19.831661	-28.724274
20.472230	-28.179741
21.112799	-27.635207
21.753369	-27.090673
22.393938	-26.546139
23.034507	-26.001606
23.675077	-25.457072
24.315646	-24.912538
24.956215	-24.368005
25.596785	-23.823471
26.237354	-23.278937
26.877923	-22.734404
27.518493	-22.189870
28.159062	-21.645336
28.799631	-21.100802
29.440201	-20.556269
30.080770	-20.011735
30.721339	-19.467201
31.361909	-18.922668
32.002478	-18.378134
32.643047	-17.833600
33.283617	-17.289067
33.924186	-16.744533
34.564755	-16.199999
35.205325	-15.655466
35.845894	-15.110932
36.486463	-14.566398
37.127033	-14.021864
37.767602	-13.477331
38.408171	-12.932797
39.048741	-12.388263
39.689310	-11.843730
40.329879	-11.299196
40.970449	-10.754662
41.611018	-10.210129
42.251587	-9.665595
42.892157	-9.121061
43.532726	-8.576528
44.173295	-8.031994
44.813865	-7.487460
45.454434	-6.942926
46.095003	-6.398393
46.735573	-5.853859
47.376142	-5.309325
48.016711	-4.764792
48.657281	-4.220258
49.297850	-3.675724
49.938419	-3.131191
50.578989	-2.586657
51.219558	-2.042123
51.860127	-1.497589
52.500697	-0.953056
53.141266	-0.408522
53.781835	0.136012
54.422405	0.680545
55.062974	1.225079
55.703543	1.769613
56.344112	2.314146
56.984682	2.858680
57.625251	3.403214
58.265820	3.947747
58.906390	4.492281
59.546959	5.036815
59.546959	5.036815
59.546959	5.036815
59.546959	5.036815
59.546959	5.036815
59.546959	5.036815
59.546959	5.036815
59.546959	5.036815
59.546959	5.036815
59.546959	5.036815
59.546959	5.036815
59.546959	5.036815
59.546959	5.036815
59.546959	5.036815
59.546959	5.036815
59.546959	5.036815
59.546959	5.036815
59.546959	5.036815
59.546959	5.036815
59.546959	5.036815
59.546959	5.036815
59.546959	5.036815
59.546959	5.036815
59.546959	5.036815
59.546959	5.036815
59.546959	5.036815
59.546959	5.036815
59.546959	5.036815
59.546959	5.036815
59.546959	5.036815
59.546959	5.036815
59.546959	5.036815
59.546959	5.036815
59.546959	5.036815
59.546959	5.036815
59.546959	5.036815
59.546959	5.036815
59.546959	5.036815
59.546959	5.036815
59.546959	5.036815
59.546959	5.036815
59.546959	5.036815
59.546959	5.036815
59.546959	5.036815
59.546959	5.036815
59.546959	5.036815
59.546959	5.036815
59.546959	5.036815
59.546959	5.036815
59.546959	5.036815
59.546959	5.036815
59.546959	5.036815
59.546959	5.036815
59.546959	5.036815
59.546959	5.036815
59.546959	5.036815
59.546959	5.036815
59.546959	5.036815
59.546959	5.036815
59.546959	5.036815
59.546959	5.036815
59.546959	5.036815
59.546959	5.036815
59.546959	5.036815
59.546959	5.036815
59.546959	5.036815
59.546959	5.036815
59.546959	5.036815
59.546959	5.036815
59.546959	5.036815
59.271906	4.242339
58.996853	3.447863
58.721800	2.653387
58.446747	1.858911
58.171694	1.064436
57.896641	0.269960
57.621588	-0.524516
57.346535	-1.318992
57.071482	-2.113468
56.796429	-2.907944
56.521376	-3.702419
56.246323	-4.496895
55.971270	-5.291371
55.696217	-6.085847
55.421164	-6.880323
55.146111	-7.674799
54.871058	-8.469274
54.596005	-9.263750
54.320952	-10.058226
54.045899	-10.852702
53.770846	-11.647178
53.495793	-12.441654
53.220740	-13.236130
52.945687	-14.030605
52.670634	-14.825081
52.395581	-15.619557
52.120528	-16.414033
51.845475	-17.208509
51.570422	-18.002985
51.295369	-18.797460
51.020316	-19.591936
50.745263	-20.386412
50.470210	-21.180888
50.195157	-21.975364
49.920105	-22.769840
49.645052	-23.564315
49.369999	-24.358791
49.094946	-25.153267
48.819893	-25.947743
48.544840	-26.742219
48.269787	-27.536695
47.994734	-28.331170
47.719681	-29.125646
47.444628	-29.920122
47.169575	-30.714598
46.894522	-31.509074
46.619469	-32.303550
46.344416	-33.098026
46.069363	-33.892501
45.794310	-34.686977
45.519257	-35.481453
45.244204	-36.275929
44.969151	-37.070405
44.694098	-37.864881
44.419045	-38.659356
44.143992	-39.453832
43.868939	-40.248308
43.593886	-41.042784
43.318833	-41.837260
43.043780	-42.631736
42.768727	-43.426211
42.493674	-44.220687
42.218621	-45.015163
41.943568	-45.809639
41.668515	-46.604115
41.393462	-47.398591
41.118409	-48.193067
40.843356	-48.987542
40.568303	-49.782018
40.293250	-50.576494
40.018197	-51.370970
39.743144	-52.165446
39.468091	-52.959922
39.193038	-53.754397
38.917985	-54.548873
38.642932	-55.343349
38.367879	-56.137825
38.092826	-56.932301
37.817773	-57.726777
37.542720	-58.521252
37.267667	-59.315728
36.992614	-60.110204
36.717561	-60.904680
36.442508	-61.699156
36.167455	-62.493632
35.892402	-63.288107
35.617349	-64.082583
35.342296	-64.877059
35.067243	-65.671535
34.792190	-66.466011
34.517137	-67.260487
34.242084	-68.054963
33.967031	-68.849438
33.691978	-69.643914
33.416925	-70.438390
33.141872	-71.232866
32.866819	-72.027342
32.591766	-72.821818
32.316713	-73.616293
32.041660	-74.410769
31.766607	-75.205245
31.491554	-75.999721
31.216501	-76.794197
30.941448	-77.588673
30.666395	-78.383148
30.391342	-79.177624
30.116289	-79.972100
29.841236	-80.766576
29.566183	-81.561052
29.291130	-82.355528
29.016077	-83.150004
28.741024	-83.944479
28.741024	-83.944479
28.741024	-83.944479
28.741024	-83.944479
28.741024	-83.944479
28.741024	-83.944479
28.741024	-83.944479
28.741024	-83.944479
28.741024	-83.944479
28.741024	-83.944479
28.741024	-83.944479
28.741024	-83.944479
28.741024	-83.944479
28.741024	-83.944479
28.741024	-83.944479
28.741024	-83.944479
28.741024	-83.944479
28.741024	-83.944479
28.741024	-83.944479
28.741024	-83.944479
28.741024	-83.944479
28.741024	-83.944479
28.741024	-83.944479
28.741024	-83.944479
28.741024	-83.944479
28.741024	-83.944479
28.741024	-83.944479
28.741024	-83.944479
28.741024	-83.944479
28.741024	-83.944479
28.741024	-83.944479
28.741024	-83.944479
28.741024	-83.944479
28.741024	-83.944479
28.741024	-83.944479
28.741024	-83.944479
28.741024	-83.944479
28.741024	-83.944479
28.741024	-83.944479
28.741024	-83.944479
28.741024	-83.944479
28.741024	-83.944479
28.741024	-83.944479
28.741024	-83.944479
28.741024	-83.944479
28.741024	-83.944479
28.741024	-83.944479
28.741024	-83.944479
28.741024	-83.944479
28.741024	-83.944479
28.741024	-83.944479
28.741024	-83.944479
28.741024	-83.944479
28.741024	-83.944479
28.741024	-83.944479
28.741024	-83.944479
28.741024	-83.944479
28.741024	-83.944479
28.741024	-83.944479
28.741024	-83.944479
28.741024	-83.944479
28.741024	-83.944479
28.741024	-83.944479
28.741024	-83.944479
28.741024	-83.944479
28.741024	-83.944479
28.741024	-83.944479
28.741024	-83.944479
28.741024	-83.944479
28.741024	-83.944479
28.741024	-83.944479
28.741024	-83.944479
28.741024	-83.944479
28.741024	-83.944479
28.741024	-83.944479
28.741024	-83.944479
28.741024	-83.944479
28.741024	-83.944479
28.741024	-83.944479
28.741024	-83.944479
28.511174	-83.135767
28.281324	-82.327056
28.051474	-81.518344
27.821624	-80.709632
27.591774	-79.900920
27.361924	-79.092208
27.132074	-78.283496
26.902224	-77.474784
26.672374	-76.666072
26.442524	-75.857360
26.212674	-75.048648
25.982824	-74.239936
25.752974	-73.431224
25.523124	-72.622513
25.293274	-71.813801
25.063424	-71.005089
24.833574	-70.196377
24.603724	-69.387665
24.373873	-68.578953
24.144023	-67.770241
23.914173	-66.961529
23.684323	-66.152817
23.454473	-65.344105
23.224623	-64.535393
22.994773	-63.726681
22.764923	-62.917969
22.535073	-62.109258
22.305223	-61.300546
22.075373	-60.491834
21.845523	-59.683122
21.615673	-58.874410
21.385823	-58.065698
21.155973	-57.256986
20.926123	-56.448274
20.696273	-55.639562
20.466423	-54.830850
20.236573	-54.022138
20.006723	-53.213426
19.776873	-52.404715
19.547023	-51.596003
19.317173	-50.787291
19.087322	-49.978579
18.857472	-49.169867
18.627622	-48.361155
18.397772	-47.552443
18.167922	-46.743731
17.938072	-45.935019
17.708222	-45.126307
17.478372	-44.317595
17.248522	-43.508883
17.018672	-42.700172
16.788822	-41.891460
16.558972	-41.082748
16.329122	-40.274036
16.099272	-39.465324
15.869422	-38.656612
15.639572	-37.847900
15.409722	-37.039188
15.179872	-36.230476
14.950022	-35.421764
14.720172	-34.613052
14.490322	-33.804340
14.260472	-32.995629
14.030621	-32.186917
13.800771	-31.378205
13.570921	-30.569493
13.341071	-29.760781
13.111221	-28.952069
12.881371	-28.143357
12.651521	-27.334645
12.421671	-26.525933
12.191821	-25.717221
11.961971	-24.908509
11.732121	-24.099797
11.502271	-23.291086
11.272421	-22.482374
11.042571	-21.673662
10.812721	-20.864950
10.582871	-20.056238
10.353021	-19.247526
10.123171	-18.438814
9.893321	-17.630102
9.663471	-16.821390
9.433621	-16.012678
9.203771	-15.203966
8.973921	-14.395254
8.744070	-13.586543
8.514220	-12.777831
8.284370	-11.969119
8.054520	-11.160407
7.824670	-10.351695
7.594820	-9.542983
7.364970	-8.734271
7.135120	-7.925559
6.905270	-7.116847
6.675420	-6.308135
6.445570	-5.499423
6.215720	-4.690711
5.985870	-3.881999
5.756020	-3.073288
5.526170	-2.264576
5.296320	-1.455864
5.066470	-0.647152
4.836620	0.161560
4.606770	0.970272
4.376920	1.778984
4.147070	2.587696
3.917220	3.396408
3.687370	4.205120
3.457519	5.013832
3.227669	5.822544
2.997819	6.631255
