      50      50
      50      50
      50      50
      50      50
      50      50
      50      45
      50      45
      50      45
      50      40
      50      40
      50      40
      50      35
      50      35
      50      35
      50      30
      50      30
      50      30
      50      25
      50      25
      50      25
      50      20
      50      20
      50      20
      50      15
      50      15
      50      15
      50      10
      50      10
      50      10
      50       5
      50       5
      50       5
      50       0
      50       0
      50       0
      50      -5
      50      -5
      50      -5
      50     -10
      50     -10
      50     -10
      50     -15
      50     -15
      50     -15
      50     -20
      50     -20
      50     -20
      50     -10
      50     -10
      50     -10
       0       0
       0       0
       0       0
