2011.1.9
440981
1.2617

1.12
255980
0.9127

1.24
320355
1.1381

1.27
320355
1.1305

1.28
542337
1.0708

1.31
527834
1.3031

2.2
596411
1.0236

2.3
639987
0.8929

2.5
190318
1.4988

2.6
592468
1.2073

2.9
421101
1.0805

2.15
580069
1.0883

0.00
500000
0.8454

0.00
510000
0.7392

2011_00_00
577208
1.0671

2011_00_00
242035
1.2444

2011_00_00
239428
0.8074

1_28
227387
1.5086

3_10
449629
1.1249

3_10
463790
1.1243

4_15
555416
1.5999

4_19
310022
1.2160

4_30
253533
1.3136

5_21
352860
0.9838

6_5
429945
1.3816

6_13

11_24
541781
1.3165

3_18
359330
1.0050

3.20
275719
0.9954

3.26
654925
1.2667

3.29
531306
0.8581

3.29
697740
1.2701

6.29（追加）
193816
1.0694

3.30
483284
1.2920

3.31
342919
0.7549

4.1
371338
0.7055

4.17
402196
1.0184

4.21
532145
1.0699

5.6
543997
0.6538

5.7
188414
1.5166


5.14
516382
0.7883

5.24（治療前の大きさが大きい）
624715
0.7576

5.29
437338
1.4535

5.29
345833
0.6165

6.3
438723
1.4176

6.4
240720
1.0884

6.18
400293
0.8614

6.28
604502
1.4024

7.21
317127
0.6666

6.28
604502
1.4024

7.21
317127
0.6668

7.23
405432
1.3712

7.24
404830
1.0293

7.27
179070
1.1577

7.29
624245
0.9632

8.5
307018
1.1075

8.18
137474
1.5004

8.28
222675
0.7152

9.11
306008
1.4107

10.2
297684
0.7210

10.2
207059
0.6926

10.5
623247
1.1231

10.6
302311
0.8780

10.12
226121
1.3299

10.19
529891
1.1717

11.4
283640
1.3295

11.17
479859
1.1501

11.29
713138
0.8795

12.11
219394
1.6726

12.14
265978
1.1069

12.27
211344
0.7020

2013.1.18
467489
0.7269

2013.2.7
431728
1.2931

2013.2.18
243153
1.0407

2013.2.26
426095
1.5029

2013.3.1
234091
1.5032

2013.3.5
286646
1.0497

2013.3.18
212883
1.2176

2013.3.25
803564
1.1416

3_25
495115
1.0129

3.26
128404
2.9212

4.7
602265
0.9639

5.1
862548
0.8827

6.27
537490
1.4387

7.6
410066
0.8373

8.22
128117
1.2117

8.27
546297
0.9983

9.21
110658
1.6807

10.1
213014
1.1957

10.10
600539
0.7994

10_10
161367
0.9807

11.2
262973
2.0202

11.14
584562
1.0415

12.22
472646
1.1457

2014_03_01
340612
1.8771

3_1
251057
1.6363

4.18
410130
0.8518

4.24
621186
0.9432

4.25
365626
1.2616

5.31
418966
0.8661

6.2
229392
1.1343

6.24
290094
0.9565

9.6
218346
0.9571

10.6
233634
0.8982

2015.1.26
324313
0.9468

3.12
422884
0.8127

5.19
246921
1.1602

6.9
246921
1.1602

6.9
246921
1.1580

2016.1.26
554847
0.9549

3.14
358638
1.1661

5.26
358638
1.1661

7.30
358638
1.1652

2017.1.23
358638
1.1661

※2012_2_24
167833
1.9707

6.17
37304
1.6717
