4359071
1.2617
255980
0.9127
320355
1.1381
320355
1.1305
542337
1.0708
527834
1.3031
596411
1.0236
639987
0.8929
190318
1.4988
592468
1.2073
421101
1.0805
580069
1.0883
500000
0.8454
510000
0.7392
577208
1.0671
242035
1.2444
239428
0.8074
227387
1.5086
449629
1.1249
463790
1.1243
555416
1.5999
310022
1.2160
253533
1.3136
352860
0.9838
429945
1.3816
541781
1.3165
359330
1.0050
275719
0.9954
654925
1.2667
531306
0.8581
697740
1.2701
193816
1.0694
483284
1.2920
342919
0.7549
371338
0.7055
402196
1.0184
532145
1.0699
543997
0.6538
188414
1.5166
516382
0.7883
624715
0.7576
437338
1.4535
345833
0.6165
438723
1.4176
240720
1.0884
400293
0.8614
604502
1.4024
317127
0.6666
604502
1.4024
317127
0.6668
405432
1.3712
404830
1.0293
179070
1.1577
624245
0.9632
307018
1.1075
137474
1.5004
222675
0.7152
306008
1.4107
297684
0.7210
207059
0.6926
623247
1.1231
302311
0.8780
226121
1.3299
529891
1.1717
283640
1.3295
479859
1.1501
713138
0.8795
219394
1.6726
265978
1.1069
211344
0.7020
467489
0.7269
431728
1.2931
243153
1.0407
426095
1.5029
234091
1.5032
286646
1.0497
212883
1.2176
803564
1.1416
495115
1.0129
128404
2.9212
602265
0.9639
862548
0.8827
537490
1.4387
410066
0.8373
128117
1.2117
546297
0.9983
110658
1.6807
213014
1.1957
600539
0.7994
161367
0.9807
262973
2.0202
584562
1.0415
472646
1.1457
340612
1.8771
251057
1.6363
410130
0.8518
621186
0.9432
365626
1.2616
418966
0.8661
229392
1.1343
290094
0.9565
218346
0.9571
233634
0.8982
324313
0.9468
422884
0.8127
246921
1.1602
246921
1.1602
246921
1.1580
554847
0.9549
358638
1.1661
358638
1.1661
358638
1.1652
358638
1.1661
167833
1.9707
37304
1.6717