1.0000000000
8.9937500000
10.2677851562
10.2065797974
9.5475808484
9.0993297420
8.9174413055
8.9061405783
8.9488810499
8.9864673383
9.0040045601
9.0071156624
9.0045135695
9.0015382757
8.9999192392
8.9994900421
8.9996167410
8.9998420940
8.9999850951
9.0000338526
9.0000313119
9.0000151631
9.0000030218
8.9999980175
8.9999975439
8.9999986157
8.9999996075
9.0000000880
9.0000001839
9.0000001211
9.0000000433
8.9999999995
8.9999999870
8.9999999898
8.9999999956
8.9999999995
9.0000000008
9.0000000008
9.0000000004
9.0000000001
9.0000000000
2.0000000000
9.2050000000
10.2679218750
10.0923849121
9.4700159404
9.0665302108
8.9147502680
8.9132436637
8.9553836136
8.9895803677
9.0046069184
9.0066934216
9.0040025958
9.0012530683
8.9998398270
8.9995093257
8.9996551207
8.9998671130
8.9999939289
9.0000336500
9.0000285916
9.0000130526
9.0000021267
8.9999979152
8.9999977215
8.9999987870
8.9999996927
9.0000001063
9.0000001738
9.0000001078
9.0000000356
8.9999999972
8.9999999874
8.9999999908
8.9999999963
8.9999999997
9.0000000008
9.0000000008
9.0000000004
9.0000000001
8.9999999999
0.0000000000
0.0000000000
8.7825000000
10.2676484375
10.3207746826
9.6251457565
9.1321292731
8.9201323429
8.8990374929
8.9423784863
8.9833543089
9.0034022018
9.0075379032
9.0050245432
9.0018234832
8.9999986515
8.9994707586
8.9995783612
8.9998170750
8.9999762613
9.0000340552
9.0000340322
9.0000172737
9.0000039168
8.9999981199
8.9999973663
8.9999984444
8.9999995224
9.0000000697
9.0000001939
9.0000001345
9.0000000510
9.0000000018
8.9999999866
8.9999999888
8.9999999950
8.9999999992
9.0000000008
9.0000000009
9.0000000005
9.0000000001
9.0000000000
8.9999999999
2.0000000000
9.2050000000
10.2679218750
10.0923849121
9.4700159404
9.0665302108
8.9147502680
8.9132436637
8.9553836136
8.9895803677
9.0046069184
9.0066934216
9.0040025958
9.0012530683
8.9998398270
8.9995093257
8.9996551207
8.9998671130
8.9999939289
9.0000336500
9.0000285916
9.0000130526
9.0000021267
8.9999979152
8.9999977215
8.9999987870
8.9999996927
9.0000001063
9.0000001738
9.0000001078
9.0000000356
8.9999999972
8.9999999874
8.9999999908
8.9999999963
8.9999999997
9.0000000008
9.0000000008
9.0000000004
9.0000000001
8.9999999999
