1.0000000000
1.6500000000
3.8953437500
5.0751737305
5.4275083286
5.3050774752
5.1233678448
5.0091474088
4.9717904291
4.9748054449
4.9880939966
4.9978006902
5.0016956491
5.0019890057
5.0010949653
5.0002970124
4.9999196853
4.9998499245
4.9999035907
4.9999665914
5.0000012847
5.0000107013
5.0000081613
5.0000034083
5.0000003539
4.9999992950
4.9999993353
4.9999996742
4.9999999327
5.0000000407
5.0000000520
5.0000000296
5.0000000086
4.9999999983
4.9999999961
4.9999999974
4.9999999991
5.0000000000
5.0000000003
5.0000000002
5.0000000001
2.0000000000
1.8800000000
4.1161250000
5.1450160156
5.4081105090
5.2744104247
5.1033525302
5.0023800281
4.9721236661
4.9770495312
4.9897829798
4.9984985822
5.0017627082
5.0018403966
5.0009570242
5.0002300646
4.9999062543
4.9998586062
4.9999144040
4.9999726994
5.0000030232
5.0000103185
5.0000073524
5.0000028742
5.0000001623
4.9999992969
4.9999993923
4.9999997191
4.9999999520
5.0000000431
5.0000000483
5.0000000260
5.0000000068
4.9999999979
4.9999999963
4.9999999977
4.9999999992
5.0000000000
5.0000000003
5.0000000002
5.0000000001
0.0000000000
0.0000000000
1.4200000000
3.6745625000
5.0053314453
5.4469061481
5.3357445258
5.1433831593
5.0159147895
4.9714571920
4.9725613587
4.9864050133
4.9971027982
5.0016285900
5.0021376147
5.0012329063
5.0003639601
4.9999331163
4.9998412427
4.9998927774
4.9999604834
4.9999995461
5.0000110842
5.0000089702
5.0000039424
5.0000005455
4.9999992931
4.9999992783
4.9999996292
4.9999999134
5.0000000383
5.0000000557
5.0000000333
5.0000000104
4.9999999987
4.9999999959
4.9999999971
4.9999999989
4.9999999999
5.0000000003
5.0000000002
5.0000000001
5.0000000000
2.0000000000
1.8800000000
4.1161250000
5.1450160156
5.4081105090
5.2744104247
5.1033525302
5.0023800281
4.9721236661
4.9770495312
4.9897829798
4.9984985822
5.0017627082
5.0018403966
5.0009570242
5.0002300646
4.9999062543
4.9998586062
4.9999144040
4.9999726994
5.0000030232
5.0000103185
5.0000073524
5.0000028742
5.0000001623
4.9999992969
4.9999993923
4.9999997191
4.9999999520
5.0000000431
5.0000000483
5.0000000260
5.0000000068
4.9999999979
4.9999999963
4.9999999977
4.9999999992
5.0000000000
5.0000000003
5.0000000002
5.0000000001
