1.0000000000
5.0726562500
7.3686938477
7.0589947586
6.5118118670
6.0886150053
5.9257022649
5.9143570015
5.9534221089
5.9876218451
6.0036324100
6.0064794056
6.0041153342
6.0014047109
5.9999281612
5.9995358266
5.9996506707
5.9998558875
5.9999862667
6.0000307915
6.0000285316
6.0000138327
6.0000027662
5.9999981991
5.9999977627
5.9999987376
5.9999996414
6.0000000797
6.0000001674
6.0000001104
6.0000000396
5.9999999996
5.9999999882
5.9999999907
5.9999999960
5.9999999995
6.0000000008
6.0000000008
6.0000000004
6.0000000001
6.0000000000
2.0000000000
5.6468750000
7.3107324219
6.9711944275
6.4379191600
6.0596500739
5.9230305876
5.9208758432
5.9593364242
5.9904652352
6.0041832834
6.0060959958
6.0036498351
6.0011446236
5.9998555847
5.9995532912
5.9996856186
5.9998786971
5.9999943327
6.0000306165
6.0000260557
6.0000119091
6.0000019494
5.9999981050
5.9999979242
5.9999988936
5.9999997190
6.0000000964
6.0000001583
6.0000000983
6.0000000325
5.9999999975
5.9999999886
5.9999999916
5.9999999966
5.9999999997
6.0000000008
6.0000000007
6.0000000003
6.0000000001
6.0000000000
0.0000000000
0.0000000000
4.4984375000
7.4266552734
7.1467950897
6.5857045740
6.1175799368
5.9283739422
5.9078381597
5.9475077937
5.9847784550
6.0030815366
6.0068628154
6.0045808333
6.0016647983
6.0000007377
5.9995183621
5.9996157228
5.9998330779
5.9999782008
6.0000309664
6.0000310074
6.0000157563
6.0000035830
5.9999982933
5.9999976012
5.9999985815
5.9999995637
6.0000000630
6.0000001766
6.0000001226
6.0000000466
6.0000000017
5.9999999878
5.9999999898
5.9999999954
5.9999999993
6.0000000008
6.0000000008
6.0000000004
6.0000000001
6.0000000000
5.9999999999
2.0000000000
5.6468750000
7.3107324219
6.9711944275
6.4379191600
6.0596500739
5.9230305876
5.9208758432
5.9593364242
5.9904652352
6.0041832834
6.0060959958
6.0036498351
6.0011446236
5.9998555847
5.9995532912
5.9996856186
5.9998786971
5.9999943327
6.0000306165
6.0000260557
6.0000119091
6.0000019494
5.9999981050
5.9999979242
5.9999988936
5.9999997190
6.0000000964
6.0000001583
6.0000000983
6.0000000325
5.9999999975
5.9999999886
5.9999999916
5.9999999966
5.9999999997
6.0000000008
6.0000000007
6.0000000003
6.0000000001
6.0000000000
