1.0000000000
1.1000000000
1.7475000000
1.9009921875
1.3569282959
1.0062847082
0.9047656455
0.9206336659
0.9644666703
0.9945604754
1.0059639756
1.0063257312
1.0033172722
1.0008126420
0.9996871838
0.9995151498
0.9997039816
0.9999043870
1.0000094993
1.0000352695
1.0000253730
1.0000100169
1.0000006383
0.9999976076
0.9999979073
0.9999990243
0.9999998281
1.0000001455
1.0000001658
1.0000000901
1.0000000238
0.9999999929
0.9999999874
0.9999999920
0.9999999973
1.0000000001
1.0000000009
1.0000000007
1.0000000003
1.0000000000
0.9999999999
2.0000000000
1.0000000000
1.8800000000
1.7854062500
1.2893161133
0.9867452921
0.9065680569
0.9279956259
0.9696908419
0.9966070508
1.0060753905
1.0058225070
1.0028832760
1.0006123667
0.9996531623
0.9995460330
0.9997384613
0.9999229364
1.0000143036
1.0000337276
1.0000227519
1.0000083735
1.0000000870
0.9999976440
0.9999980961
0.9999991642
0.9999998850
1.0000001504
1.0000001532
1.0000000786
1.0000000183
0.9999999918
0.9999999882
0.9999999929
0.9999999978
1.0000000003
1.0000000009
1.0000000006
1.0000000002
1.0000000000
0.9999999999
0.0000000000
0.0000000000
1.2000000000
1.6150000000
2.0165781250
1.4245404785
1.0258241243
0.9029632342
0.9132717060
0.9592424986
0.9925139000
1.0058525607
1.0068289553
1.0037512683
1.0010129173
0.9997212053
0.9994842665
0.9996695020
0.9998858376
1.0000046949
1.0000368113
1.0000279941
1.0000116604
1.0000011897
0.9999975712
0.9999977186
0.9999988843
0.9999997711
1.0000001407
1.0000001785
1.0000001016
1.0000000293
0.9999999939
0.9999999867
0.9999999911
0.9999999968
1.0000000000
1.0000000009
1.0000000007
1.0000000003
1.0000000000
0.9999999999
0.9999999999
2.0000000000
1.0000000000
1.8800000000
1.7854062500
1.2893161133
0.9867452921
0.9065680569
0.9279956259
0.9696908419
0.9966070508
1.0060753905
1.0058225070
1.0028832760
1.0006123667
0.9996531623
0.9995460330
0.9997384613
0.9999229364
1.0000143036
1.0000337276
1.0000227519
1.0000083735
1.0000000870
0.9999976440
0.9999980961
0.9999991642
0.9999998850
1.0000001504
1.0000001532
1.0000000786
1.0000000183
0.9999999918
0.9999999882
0.9999999929
0.9999999978
1.0000000003
1.0000000009
1.0000000006
1.0000000002
1.0000000000
0.9999999999
1.0000000000
1.0000000000
1.0000000000
1.0000000000
1.0000000000
1.0000000000
0.0000000000
0.0000000000
5.0000000000
5.0000000000
5.0000000000
10.0000000000
10.0000000000
10.0000000000
1.0000000000
1.0000000000
1.0000000000
1.0000000000
1.0000000000
1.0000000000
1.0000000000
1.0000000000
1.0000000000
1.0000000000
1.0000000000
5.0000000000
1.5000000000
1.0625000000
1.0078125000
1.0009765625
1.0001220703
1.0000152588
1.0000019073
1.0000002384
1.0000000298
1.0000000037
1.0000000005
1.0000000001
1.0000000000
1.0000000000
1.0000000000
1.0000000000
0.0000000000
0.8750000000
0.9843750000
0.9980468750
0.9997558594
0.9999694824
0.9999961853
0.9999995232
0.9999999404
0.9999999925
0.9999999991
0.9999999999
1.0000000000
1.0000000000
2.0000000000
1.1250000000
1.0156250000
1.0019531250
1.0002441406
1.0000305176
1.0000038147
1.0000004768
1.0000000596
1.0000000075
1.0000000009
1.0000000001
1.0000000000
1.0000000000
-2.0000000000
0.6250000000
0.9531250000
0.9941406250
0.9992675781
0.9999084473
0.9999885559
0.9999985695
0.9999998212
0.9999999776
0.9999999972
0.9999999997
1.0000000000
1.0000000000
100.0000000000
13.3750000000
2.5468750000
1.1933593750
1.0241699219
1.0030212402
1.0003776550
1.0000472069
1.0000059009
1.0000007376
1.0000000922
1.0000000115
1.0000000014
1.0000000002
1.0000000000
1.0000000000
1.0000000000
-44.0000000000
4330.0000000000
-406646.0000000000
38207602.0000000000
-3589887806.0000000000
337296623554.0000000000
-31691523062654.0000000000
2977653981395458.0000000000
-279772708158922240.0000000000
26286723951013109760.0000000000
-2469832960562596676000.0000000000
232059151397080025500000.0000000000
-21803680899483270600000000.0000000000
2048617767945839278000000000.0000000000
-192482855463310972800000000000.0000000000
18085193942479446110000000000000.00000000
-1699238299171214867000000000000000.000000
159656059346324271400000000000000000.0000
-15000872625357796150000000000000000000.00
1409443402546247412000000000000000000000
-1.324276763488458432000000000000000000000e+41
1.244256380318132379000000000000000000000e+43
-1.169071286793649090000000000000000000000e+45
1.098429307033902809000000000000000000000e+47
-1.032055920097151101400000000000000000000e+49
9.696931931685085785000000000000000000000e+50
-9.110987792103593312000000000000000000000e+52
8.560449751804704384000000000000000000000e+54
-8.043178371579580343000000000000000000000e+56
7.557163489384084590000000000000000000000e+58
-7.100516408672407606000000000000000000000e+60
6.671462558756309058000000000000000000000e+62
-6.268334598667462050000000000000000000000e+64
5.889565937723911232000000000000000000000e+66
-5.533684647621009261000000000000000000000e+68
5.199307742388659287000000000000000000000e+70
-4.885135803986291560000000000000000000000e+72
4.589947932650158654000000000000000000000e+74
-4.312597002369555143000000000000000000000e+76
4.052005203054321585000000000000000000000e+78
-3.807159852070114394000000000000000000000e+80
3.577109458864685496000000000000000000000e+82
-3.360960027391976421000000000000000000000e+84
3.157871581964911755000000000000000000000e+86
-2.967054903036060066000000000000000000000e+88
2.787768460221110127000000000000000000000e+90
-2.619315530646629410000000000000000000000e+92
2.461041491423743415000000000000000000000e+94
-2.312331275726059846000000000000000000000e+96
2.172606982585926620000000000000000000000e+98
-2.041325631120480617000000000000000000000e+100
1.917977050460217411000000000000000000000e+102
-1.802081897180156203000000000000000000000e+104
1.693189792529162702000000000000000000000e+106
-1.590877572218540806000000000000000000000e+108
1.494747641968416690000000000000000000000e+110
-1.404426432421424356000000000000000000000e+112
1.319562947419351512000000000000000000000e+114
-1.239827400001221836000000000000000000000e+116
1.164909930822180738000000000000000000000e+118
-1.094519404012849472000000000000000000000e+120
1.028382275799749552200000000000000000000e+122
-9.662415314901594836000000000000000000000e+123
9.078556866904298098000000000000000000000e+125
-8.529978488764079378000000000000000000000e+127
8.014548356691472088000000000000000000000e+129
-7.530263463894477810000000000000000000000e+131
7.075241836718132722000000000000000000000e+133
-6.647715221129487178000000000000000000000e+135
6.246022211127030930000000000000000000000e+137
-5.868601792370957816000000000000000000000e+139
5.513987275944249910000000000000000000000e+141
-5.180800598670646266000000000000000000000e+143
4.867746967840029542000000000000000000000e+145
-4.573609829530158974000000000000000000000e+147
4.297246140971213212000000000000000000000e+149
-4.037581928581128744000000000000000000000e+151
3.793608114409872892000000000000000000000e+153
-3.564376594773848056000000000000000000000e+155
3.348996555841653309000000000000000000000e+157
-3.146631011853244540000000000000000000000e+159
2.956493552519713622000000000000000000000e+161
-2.777845286963789462000000000000000000000e+163
2.609991972324954136000000000000000000000e+165
-2.452281315870671435000000000000000000000e+167
2.304100440129501246000000000000000000000e+169
-2.164873501195382398000000000000000000000e+171
2.034059450947607367000000000000000000000e+173
-1.911149934490272537000000000000000000000e+175
1.795667314640477079000000000000000000000e+177
-1.687162815788252055000000000000000000000e+179
1.585214779915100595000000000000000000000e+181
-1.489427027993879268000000000000000000000e+183
1.399427320402280534000000000000000000000e+185
-1.314865910366946122000000000000000000000e+187
1.235414184816768455000000000000000000000e+189
-1.160763387363615549000000000000000000000e+191
1.090623418447871742000000000000000000000e+193
-1.024721707986053941300000000000000000000e+195
9.628021561395115308000000000000000000000e+196
1.0000000000
-44.0000000000
4330.0000000000
-406646.0000000000
38207602.0000000000
-3589887806.0000000000
337296623554.0000000000
-31691523062654.0000000000
2977653981395458.0000000000
-279772708158922240.0000000000
26286723951013109760.0000000000
-2469832960562596676000.0000000000
232059151397080025500000.0000000000
-21803680899483270600000000.0000000000
2048617767945839278000000000.0000000000
-192482855463310972800000000000.0000000000
18085193942479446110000000000000.00000000
-1699238299171214867000000000000000.000000
159656059346324271400000000000000000.0000
-15000872625357796150000000000000000000.00
1409443402546247412000000000000000000000
-1.324276763488458432000000000000000000000e+41
1.244256380318132379000000000000000000000e+43
-1.169071286793649090000000000000000000000e+45
1.098429307033902809000000000000000000000e+47
-1.032055920097151101400000000000000000000e+49
9.696931931685085785000000000000000000000e+50
-9.110987792103593312000000000000000000000e+52
8.560449751804704384000000000000000000000e+54
-8.043178371579580343000000000000000000000e+56
7.557163489384084590000000000000000000000e+58
-7.100516408672407606000000000000000000000e+60
6.671462558756309058000000000000000000000e+62
-6.268334598667462050000000000000000000000e+64
5.889565937723911232000000000000000000000e+66
-5.533684647621009261000000000000000000000e+68
5.199307742388659287000000000000000000000e+70
-4.885135803986291560000000000000000000000e+72
4.589947932650158654000000000000000000000e+74
-4.312597002369555143000000000000000000000e+76
4.052005203054321585000000000000000000000e+78
-3.807159852070114394000000000000000000000e+80
3.577109458864685496000000000000000000000e+82
-3.360960027391976421000000000000000000000e+84
3.157871581964911755000000000000000000000e+86
-2.967054903036060066000000000000000000000e+88
2.787768460221110127000000000000000000000e+90
-2.619315530646629410000000000000000000000e+92
2.461041491423743415000000000000000000000e+94
-2.312331275726059846000000000000000000000e+96
2.172606982585926620000000000000000000000e+98
-2.041325631120480617000000000000000000000e+100
1.917977050460217411000000000000000000000e+102
-1.802081897180156203000000000000000000000e+104
1.693189792529162702000000000000000000000e+106
-1.590877572218540806000000000000000000000e+108
1.494747641968416690000000000000000000000e+110
-1.404426432421424356000000000000000000000e+112
1.319562947419351512000000000000000000000e+114
-1.239827400001221836000000000000000000000e+116
1.164909930822180738000000000000000000000e+118
-1.094519404012849472000000000000000000000e+120
1.028382275799749552200000000000000000000e+122
-9.662415314901594836000000000000000000000e+123
9.078556866904298098000000000000000000000e+125
-8.529978488764079378000000000000000000000e+127
8.014548356691472088000000000000000000000e+129
-7.530263463894477810000000000000000000000e+131
7.075241836718132722000000000000000000000e+133
-6.647715221129487178000000000000000000000e+135
6.246022211127030930000000000000000000000e+137
-5.868601792370957816000000000000000000000e+139
5.513987275944249910000000000000000000000e+141
-5.180800598670646266000000000000000000000e+143
4.867746967840029542000000000000000000000e+145
-4.573609829530158974000000000000000000000e+147
4.297246140971213212000000000000000000000e+149
-4.037581928581128744000000000000000000000e+151
3.793608114409872892000000000000000000000e+153
-3.564376594773848056000000000000000000000e+155
3.348996555841653309000000000000000000000e+157
-3.146631011853244540000000000000000000000e+159
2.956493552519713622000000000000000000000e+161
-2.777845286963789462000000000000000000000e+163
2.609991972324954136000000000000000000000e+165
-2.452281315870671435000000000000000000000e+167
2.304100440129501246000000000000000000000e+169
-2.164873501195382398000000000000000000000e+171
2.034059450947607367000000000000000000000e+173
-1.911149934490272537000000000000000000000e+175
1.795667314640477079000000000000000000000e+177
-1.687162815788252055000000000000000000000e+179
1.585214779915100595000000000000000000000e+181
-1.489427027993879268000000000000000000000e+183
1.399427320402280534000000000000000000000e+185
-1.314865910366946122000000000000000000000e+187
1.235414184816768455000000000000000000000e+189
-1.160763387363615549000000000000000000000e+191
1.090623418447871742000000000000000000000e+193
-1.024721707986053941300000000000000000000e+195
9.628021561395115308000000000000000000000e+196
1.0000000000
-44.0000000000
4330.0000000000
-406646.0000000000
38207602.0000000000
-3589887806.0000000000
337296623554.0000000000
-31691523062654.0000000000
2977653981395458.0000000000
-279772708158922240.0000000000
26286723951013109760.0000000000
-2469832960562596676000.0000000000
232059151397080025500000.0000000000
-21803680899483270600000000.0000000000
2048617767945839278000000000.0000000000
-192482855463310972800000000000.0000000000
18085193942479446110000000000000.00000000
-1699238299171214867000000000000000.000000
159656059346324271400000000000000000.0000
-15000872625357796150000000000000000000.00
1409443402546247412000000000000000000000
-1.324276763488458432000000000000000000000e+41
1.244256380318132379000000000000000000000e+43
-1.169071286793649090000000000000000000000e+45
1.098429307033902809000000000000000000000e+47
-1.032055920097151101400000000000000000000e+49
9.696931931685085785000000000000000000000e+50
-9.110987792103593312000000000000000000000e+52
8.560449751804704384000000000000000000000e+54
-8.043178371579580343000000000000000000000e+56
7.557163489384084590000000000000000000000e+58
-7.100516408672407606000000000000000000000e+60
6.671462558756309058000000000000000000000e+62
-6.268334598667462050000000000000000000000e+64
5.889565937723911232000000000000000000000e+66
-5.533684647621009261000000000000000000000e+68
5.199307742388659287000000000000000000000e+70
-4.885135803986291560000000000000000000000e+72
4.589947932650158654000000000000000000000e+74
-4.312597002369555143000000000000000000000e+76
4.052005203054321585000000000000000000000e+78
-3.807159852070114394000000000000000000000e+80
3.577109458864685496000000000000000000000e+82
-3.360960027391976421000000000000000000000e+84
3.157871581964911755000000000000000000000e+86
-2.967054903036060066000000000000000000000e+88
2.787768460221110127000000000000000000000e+90
-2.619315530646629410000000000000000000000e+92
2.461041491423743415000000000000000000000e+94
-2.312331275726059846000000000000000000000e+96
2.172606982585926620000000000000000000000e+98
-2.041325631120480617000000000000000000000e+100
1.917977050460217411000000000000000000000e+102
-1.802081897180156203000000000000000000000e+104
1.693189792529162702000000000000000000000e+106
-1.590877572218540806000000000000000000000e+108
1.494747641968416690000000000000000000000e+110
-1.404426432421424356000000000000000000000e+112
1.319562947419351512000000000000000000000e+114
-1.239827400001221836000000000000000000000e+116
1.164909930822180738000000000000000000000e+118
-1.094519404012849472000000000000000000000e+120
1.028382275799749552200000000000000000000e+122
-9.662415314901594836000000000000000000000e+123
9.078556866904298098000000000000000000000e+125
-8.529978488764079378000000000000000000000e+127
8.014548356691472088000000000000000000000e+129
-7.530263463894477810000000000000000000000e+131
7.075241836718132722000000000000000000000e+133
-6.647715221129487178000000000000000000000e+135
6.246022211127030930000000000000000000000e+137
-5.868601792370957816000000000000000000000e+139
5.513987275944249910000000000000000000000e+141
-5.180800598670646266000000000000000000000e+143
4.867746967840029542000000000000000000000e+145
-4.573609829530158974000000000000000000000e+147
4.297246140971213212000000000000000000000e+149
-4.037581928581128744000000000000000000000e+151
3.793608114409872892000000000000000000000e+153
-3.564376594773848056000000000000000000000e+155
3.348996555841653309000000000000000000000e+157
-3.146631011853244540000000000000000000000e+159
2.956493552519713622000000000000000000000e+161
-2.777845286963789462000000000000000000000e+163
2.609991972324954136000000000000000000000e+165
-2.452281315870671435000000000000000000000e+167
2.304100440129501246000000000000000000000e+169
-2.164873501195382398000000000000000000000e+171
2.034059450947607367000000000000000000000e+173
-1.911149934490272537000000000000000000000e+175
1.795667314640477079000000000000000000000e+177
-1.687162815788252055000000000000000000000e+179
1.585214779915100595000000000000000000000e+181
-1.489427027993879268000000000000000000000e+183
1.399427320402280534000000000000000000000e+185
-1.314865910366946122000000000000000000000e+187
1.235414184816768455000000000000000000000e+189
-1.160763387363615549000000000000000000000e+191
1.090623418447871742000000000000000000000e+193
-1.024721707986053941300000000000000000000e+195
9.628021561395115308000000000000000000000e+196
-9.046241380879464552000000000000000000000e+198
8.499615689402138132000000000000000000000e+200
-7.986020251485657511000000000000000000000e+202
7.503459190120757806000000000000000000000e+204
-7.050057230612919330000000000000000000000e+206
6.624052413100096610000000000000000000000e+208
-6.223789245421845516000000000000000000000e+210
5.847712269731294718000000000000000000000e+212
-5.494360017849247922000000000000000000000e+214
5.162359331870401156000000000000000000000e+216
-4.850420027951036534000000000000000000000e+218
4.557329882541227176000000000000000000000e+220
-4.281949921577573355000000000000000000000e+222
4.023209994329902281000000000000000000000e+224
-3.780104614701476714000000000000000000000e+226
3.551689053821655177000000000000000000000e+228
-3.337075668746475026000000000000000000000e+230
3.135430453000157774000000000000000000000e+232
-2.945969795552649583000000000000000000000e+234
2.767957435638290506000000000000000000000e+236
-2.600701601581771731000000000000000000000e+238
2.443552322512610128000000000000000000000e+240
-2.295898902521220748000000000000000000000e+242
2.157167547440942394000000000000000000000e+244
-2.026819135033477176000000000000000000000e+246
1.904347119912492197000000000000000000000e+248
-1.789275565063729220000000000000000000000e+250
1.681157292311940437000000000000000000000e+252
-1.579572144547198520000000000000000000000e+254
1.484125352957441834000000000000000000000e+256
-1.394446002922176480000000000000000000000e+258
1.310185592605662989000000000000000000000e+260
-1.231016678648154235000000000000000000000e+262
1.156631603692222902000000000000000000000e+264
-1.086741300799230119000000000000000000000e+266
1.021074170109799198600000000000000000000e+268
-9.593750233828914241000000000000000000000e+269
9.014040923118740358000000000000000000000e+271
-8.469360967638084281000000000000000000000e+273
7.957593693210550906000000000000000000000e+275
-7.476750327230862654000000000000000000000e+277
7.024962270119726407000000000000000000000e+279
-6.600473833781651359000000000000000000000e+281
6.201635418846704666000000000000000000000e+283
-5.826897104182389736000000000000000000000e+285
5.474802623763908057000000000000000000000e+287
-5.143983707496400734000000000000000000000e+289
4.833154763997111288000000000000000000000e+291
-4.541107884674285933000000000000000000000e+293
4.266708149688230058000000000000000000000e+295
-4.008889217553066195000000000000000000000e+297
3.766649181240007422000000000000000000000e+299
-3.539046674678585971000000000000000000000e+301
3.325197214525374803000000000000000000000e+303
-3.124269762983980639000000000000000000000e+305
2.935483498319131512000000000000000000000e+307
1.0000000000
-44.0000000000
4330.0000000000
-406646.0000000000
38207602.0000000000
-3589887806.0000000000
337296623554.0000000000
-31691523062654.0000000000
2977653981395458.0000000000
-279772708158922240.0000000000
26286723951013109760.0000000000
-2469832960562596676000.0000000000
232059151397080025500000.0000000000
-21803680899483270600000000.0000000000
2048617767945839278000000000.0000000000
-192482855463310972800000000000.0000000000
18085193942479446110000000000000.00000000
-1699238299171214867000000000000000.000000
159656059346324271400000000000000000.0000
-15000872625357796150000000000000000000.00
1409443402546247412000000000000000000000
-1.324276763488458432000000000000000000000e+41
1.244256380318132379000000000000000000000e+43
-1.169071286793649090000000000000000000000e+45
1.098429307033902809000000000000000000000e+47
-1.032055920097151101400000000000000000000e+49
9.696931931685085785000000000000000000000e+50
-9.110987792103593312000000000000000000000e+52
8.560449751804704384000000000000000000000e+54
-8.043178371579580343000000000000000000000e+56
7.557163489384084590000000000000000000000e+58
-7.100516408672407606000000000000000000000e+60
6.671462558756309058000000000000000000000e+62
-6.268334598667462050000000000000000000000e+64
5.889565937723911232000000000000000000000e+66
-5.533684647621009261000000000000000000000e+68
5.199307742388659287000000000000000000000e+70
-4.885135803986291560000000000000000000000e+72
4.589947932650158654000000000000000000000e+74
-4.312597002369555143000000000000000000000e+76
4.052005203054321585000000000000000000000e+78
-3.807159852070114394000000000000000000000e+80
3.577109458864685496000000000000000000000e+82
-3.360960027391976421000000000000000000000e+84
3.157871581964911755000000000000000000000e+86
-2.967054903036060066000000000000000000000e+88
2.787768460221110127000000000000000000000e+90
-2.619315530646629410000000000000000000000e+92
2.461041491423743415000000000000000000000e+94
-2.312331275726059846000000000000000000000e+96
2.172606982585926620000000000000000000000e+98
-2.041325631120480617000000000000000000000e+100
1.917977050460217411000000000000000000000e+102
-1.802081897180156203000000000000000000000e+104
1.693189792529162702000000000000000000000e+106
-1.590877572218540806000000000000000000000e+108
1.494747641968416690000000000000000000000e+110
-1.404426432421424356000000000000000000000e+112
1.319562947419351512000000000000000000000e+114
-1.239827400001221836000000000000000000000e+116
1.164909930822180738000000000000000000000e+118
-1.094519404012849472000000000000000000000e+120
1.028382275799749552200000000000000000000e+122
-9.662415314901594836000000000000000000000e+123
9.078556866904298098000000000000000000000e+125
-8.529978488764079378000000000000000000000e+127
8.014548356691472088000000000000000000000e+129
-7.530263463894477810000000000000000000000e+131
7.075241836718132722000000000000000000000e+133
-6.647715221129487178000000000000000000000e+135
6.246022211127030930000000000000000000000e+137
-5.868601792370957816000000000000000000000e+139
5.513987275944249910000000000000000000000e+141
-5.180800598670646266000000000000000000000e+143
4.867746967840029542000000000000000000000e+145
-4.573609829530158974000000000000000000000e+147
4.297246140971213212000000000000000000000e+149
-4.037581928581128744000000000000000000000e+151
3.793608114409872892000000000000000000000e+153
-3.564376594773848056000000000000000000000e+155
3.348996555841653309000000000000000000000e+157
-3.146631011853244540000000000000000000000e+159
2.956493552519713622000000000000000000000e+161
-2.777845286963789462000000000000000000000e+163
2.609991972324954136000000000000000000000e+165
-2.452281315870671435000000000000000000000e+167
2.304100440129501246000000000000000000000e+169
-2.164873501195382398000000000000000000000e+171
2.034059450947607367000000000000000000000e+173
-1.911149934490272537000000000000000000000e+175
1.795667314640477079000000000000000000000e+177
-1.687162815788252055000000000000000000000e+179
1.585214779915100595000000000000000000000e+181
-1.489427027993879268000000000000000000000e+183
1.399427320402280534000000000000000000000e+185
-1.314865910366946122000000000000000000000e+187
1.235414184816768455000000000000000000000e+189
-1.160763387363615549000000000000000000000e+191
1.090623418447871742000000000000000000000e+193
-1.024721707986053941300000000000000000000e+195
9.628021561395115308000000000000000000000e+196
1.0000000000
-44.0000000000
4330.0000000000
-406646.0000000000
38207602.0000000000
-3589887806.0000000000
337296623554.0000000000
-31691523062654.0000000000
2977653981395458.0000000000
-279772708158922240.0000000000
26286723951013109760.0000000000
-2469832960562596676000.0000000000
232059151397080025500000.0000000000
-21803680899483270600000000.0000000000
2048617767945839278000000000.0000000000
-192482855463310972800000000000.0000000000
18085193942479446110000000000000.00000000
-1699238299171214867000000000000000.000000
159656059346324271400000000000000000.0000
-15000872625357796150000000000000000000.00
1409443402546247412000000000000000000000
-1.324276763488458432000000000000000000000e+41
1.244256380318132379000000000000000000000e+43
-1.169071286793649090000000000000000000000e+45
1.098429307033902809000000000000000000000e+47
-1.032055920097151101400000000000000000000e+49
9.696931931685085785000000000000000000000e+50
-9.110987792103593312000000000000000000000e+52
8.560449751804704384000000000000000000000e+54
-8.043178371579580343000000000000000000000e+56
7.557163489384084590000000000000000000000e+58
-7.100516408672407606000000000000000000000e+60
6.671462558756309058000000000000000000000e+62
-6.268334598667462050000000000000000000000e+64
5.889565937723911232000000000000000000000e+66
-5.533684647621009261000000000000000000000e+68
5.199307742388659287000000000000000000000e+70
-4.885135803986291560000000000000000000000e+72
4.589947932650158654000000000000000000000e+74
-4.312597002369555143000000000000000000000e+76
4.052005203054321585000000000000000000000e+78
-3.807159852070114394000000000000000000000e+80
3.577109458864685496000000000000000000000e+82
-3.360960027391976421000000000000000000000e+84
3.157871581964911755000000000000000000000e+86
-2.967054903036060066000000000000000000000e+88
2.787768460221110127000000000000000000000e+90
-2.619315530646629410000000000000000000000e+92
2.461041491423743415000000000000000000000e+94
-2.312331275726059846000000000000000000000e+96
2.172606982585926620000000000000000000000e+98
-2.041325631120480617000000000000000000000e+100
1.917977050460217411000000000000000000000e+102
-1.802081897180156203000000000000000000000e+104
1.693189792529162702000000000000000000000e+106
-1.590877572218540806000000000000000000000e+108
1.494747641968416690000000000000000000000e+110
-1.404426432421424356000000000000000000000e+112
1.319562947419351512000000000000000000000e+114
-1.239827400001221836000000000000000000000e+116
1.164909930822180738000000000000000000000e+118
-1.094519404012849472000000000000000000000e+120
1.028382275799749552200000000000000000000e+122
-9.662415314901594836000000000000000000000e+123
9.078556866904298098000000000000000000000e+125
-8.529978488764079378000000000000000000000e+127
8.014548356691472088000000000000000000000e+129
-7.530263463894477810000000000000000000000e+131
7.075241836718132722000000000000000000000e+133
-6.647715221129487178000000000000000000000e+135
6.246022211127030930000000000000000000000e+137
-5.868601792370957816000000000000000000000e+139
5.513987275944249910000000000000000000000e+141
-5.180800598670646266000000000000000000000e+143
4.867746967840029542000000000000000000000e+145
-4.573609829530158974000000000000000000000e+147
4.297246140971213212000000000000000000000e+149
-4.037581928581128744000000000000000000000e+151
3.793608114409872892000000000000000000000e+153
-3.564376594773848056000000000000000000000e+155
3.348996555841653309000000000000000000000e+157
-3.146631011853244540000000000000000000000e+159
2.956493552519713622000000000000000000000e+161
-2.777845286963789462000000000000000000000e+163
2.609991972324954136000000000000000000000e+165
-2.452281315870671435000000000000000000000e+167
2.304100440129501246000000000000000000000e+169
-2.164873501195382398000000000000000000000e+171
2.034059450947607367000000000000000000000e+173
-1.911149934490272537000000000000000000000e+175
1.795667314640477079000000000000000000000e+177
-1.687162815788252055000000000000000000000e+179
1.585214779915100595000000000000000000000e+181
-1.489427027993879268000000000000000000000e+183
1.399427320402280534000000000000000000000e+185
-1.314865910366946122000000000000000000000e+187
1.235414184816768455000000000000000000000e+189
-1.160763387363615549000000000000000000000e+191
1.090623418447871742000000000000000000000e+193
-1.024721707986053941300000000000000000000e+195
9.628021561395115308000000000000000000000e+196
-9.046241380879464552000000000000000000000e+198
8.499615689402138132000000000000000000000e+200
-7.986020251485657511000000000000000000000e+202
7.503459190120757806000000000000000000000e+204
-7.050057230612919330000000000000000000000e+206
6.624052413100096610000000000000000000000e+208
-6.223789245421845516000000000000000000000e+210
5.847712269731294718000000000000000000000e+212
-5.494360017849247922000000000000000000000e+214
5.162359331870401156000000000000000000000e+216
-4.850420027951036534000000000000000000000e+218
4.557329882541227176000000000000000000000e+220
-4.281949921577573355000000000000000000000e+222
4.023209994329902281000000000000000000000e+224
-3.780104614701476714000000000000000000000e+226
3.551689053821655177000000000000000000000e+228
-3.337075668746475026000000000000000000000e+230
3.135430453000157774000000000000000000000e+232
-2.945969795552649583000000000000000000000e+234
2.767957435638290506000000000000000000000e+236
-2.600701601581771731000000000000000000000e+238
2.443552322512610128000000000000000000000e+240
-2.295898902521220748000000000000000000000e+242
2.157167547440942394000000000000000000000e+244
-2.026819135033477176000000000000000000000e+246
1.904347119912492197000000000000000000000e+248
-1.789275565063729220000000000000000000000e+250
1.681157292311940437000000000000000000000e+252
-1.579572144547198520000000000000000000000e+254
1.484125352957441834000000000000000000000e+256
-1.394446002922176480000000000000000000000e+258
1.310185592605662989000000000000000000000e+260
-1.231016678648154235000000000000000000000e+262
1.156631603692222902000000000000000000000e+264
-1.086741300799230119000000000000000000000e+266
1.021074170109799198600000000000000000000e+268
-9.593750233828914241000000000000000000000e+269
9.014040923118740358000000000000000000000e+271
-8.469360967638084281000000000000000000000e+273
7.957593693210550906000000000000000000000e+275
-7.476750327230862654000000000000000000000e+277
7.024962270119726407000000000000000000000e+279
-6.600473833781651359000000000000000000000e+281
6.201635418846704666000000000000000000000e+283
-5.826897104182389736000000000000000000000e+285
5.474802623763908057000000000000000000000e+287
-5.143983707496400734000000000000000000000e+289
4.833154763997111288000000000000000000000e+291
-4.541107884674285933000000000000000000000e+293
4.266708149688230058000000000000000000000e+295
-4.008889217553066195000000000000000000000e+297
3.766649181240007422000000000000000000000e+299
-3.539046674678585971000000000000000000000e+301
3.325197214525374803000000000000000000000e+303
-3.124269762983980639000000000000000000000e+305
2.935483498319131512000000000000000000000e+307
