1.0000000000
4.7750000000
2.5121093750
1.3726647949
0.8915737877
0.8018567531
0.8748783770
0.9574977755
1.0024328562
1.0142444613
1.0106591440
1.0043734859
1.0004003440
0.9990524282
0.9991284472
0.9995794749
0.9999171152
1.0000557126
1.0000684342
1.0000384333
1.0000108252
0.9999974999
0.9999948708
0.9999966341
0.9999988016
1.0000000194
1.0000003625
1.0000002835
1.0000001211
1.0000000144
0.9999999764
0.9999999770
0.9999999885
0.9999999975
1.0000000013
1.0000000018
1.0000000010
1.0000000003
0.9999999999
0.9999999999
0.9999999999
2.0000000000
4.1000000000
2.3203125000
1.2945556641
0.8752470245
0.8140806468
0.8891391775
0.9654378488
1.0046244525
1.0136987758
1.0095886875
1.0036783434
1.0001560589
0.9990590055
0.9992044486
0.9996381760
0.9999419104
1.0000584819
1.0000634604
1.0000336650
1.0000084635
0.9999969978
0.9999951545
0.9999970057
0.9999990158
1.0000000825
1.0000003509
1.0000002559
1.0000001024
1.0000000076
0.9999999764
0.9999999790
0.9999999901
0.9999999982
1.0000000014
1.0000000017
1.0000000009
1.0000000002
0.9999999999
0.9999999999
0.9999999999
0.0000000000
0.0000000000
5.4500000000
2.7039062500
1.4507739258
0.9079005508
0.7896328593
0.8606175766
0.9495577022
1.0002412598
1.0147901467
1.0117296005
1.0050686283
1.0006446291
0.9990458510
0.9990524458
0.9995207737
0.9998923199
1.0000529434
1.0000734080
1.0000432016
1.0000131868
0.9999980019
0.9999945871
0.9999962624
0.9999985874
0.9999999562
1.0000003742
1.0000003111
1.0000001397
1.0000000213
0.9999999765
0.9999999751
0.9999999870
0.9999999968
1.0000000012
1.0000000019
1.0000000012
1.0000000004
1.0000000000
0.9999999999
0.9999999999
1.0000000000
2.0000000000
4.1000000000
2.3203125000
1.2945556641
0.8752470245
0.8140806468
0.8891391775
0.9654378488
1.0046244525
1.0136987758
1.0095886875
1.0036783434
1.0001560589
0.9990590055
0.9992044486
0.9996381760
0.9999419104
1.0000584819
1.0000634604
1.0000336650
1.0000084635
0.9999969978
0.9999951545
0.9999970057
0.9999990158
1.0000000825
1.0000003509
1.0000002559
1.0000001024
1.0000000076
0.9999999764
0.9999999790
0.9999999901
0.9999999982
1.0000000014
1.0000000017
1.0000000009
1.0000000002
0.9999999999
0.9999999999
0.9999999999
