1.0000000000
3.6000000000
1.7850000000
1.9548281250
2.4751318848
2.9012128279
3.0776436214
3.0899291820
3.0495594488
3.0134392144
2.9963815424
2.9932201359
2.9956429197
2.9984893038
3.0000574601
3.0004833929
3.0003688269
3.0001540925
3.0000160443
2.9999681606
2.9999699634
2.9999852707
2.9999969548
3.0000018381
3.0000023478
3.0000013398
3.0000003883
2.9999999216
2.9999998250
2.9999998832
2.9999999575
3.0000000000
3.0000000123
3.0000000098
3.0000000043
3.0000000006
2.9999999992
2.9999999992
2.9999999996
2.9999999999
3.0000000000
2.0000000000
3.0000000000
1.9000000000
2.0369375000
2.5538669922
2.9341830267
3.0807351270
3.0833030924
3.0433308801
3.0104180639
2.9957740507
2.9936123711
2.9961315200
2.9987654052
3.0001360961
3.0004661307
3.0003322842
3.0001299530
3.0000073798
2.9999682435
2.9999725392
2.9999873007
2.9999978274
3.0000019460
3.0000021810
3.0000011755
3.0000003057
2.9999999032
2.9999998343
2.9999998959
2.9999999650
3.0000000022
3.0000000119
3.0000000089
3.0000000036
3.0000000003
2.9999999992
2.9999999993
2.9999999997
2.9999999999
3.0000000000
5.0000000000
10.0000000000
0.0000000000
4.2000000000
1.6700000000
1.8727187500
2.3963967773
2.8682426291
3.0745521158
3.0965552716
3.0557880176
3.0164603649
2.9969890342
2.9928279006
2.9951543195
2.9982132024
2.9999788242
3.0005006551
3.0004053697
3.0001782319
3.0000247088
2.9999680778
2.9999673877
2.9999832407
2.9999960821
3.0000017302
3.0000025145
3.0000015040
3.0000004709
2.9999999399
2.9999998157
2.9999998704
2.9999999501
2.9999999977
3.0000000126
3.0000000107
3.0000000049
3.0000000008
2.9999999992
2.9999999991
2.9999999995
2.9999999999
3.0000000000
3.0000000001
2.0000000000
3.0000000000
1.9000000000
2.0369375000
2.5538669922
2.9341830267
3.0807351270
3.0833030924
3.0433308801
3.0104180639
2.9957740507
2.9936123711
2.9961315200
2.9987654052
3.0001360961
3.0004661307
3.0003322842
3.0001299530
3.0000073798
2.9999682435
2.9999725392
2.9999873007
2.9999978274
3.0000019460
3.0000021810
3.0000011755
3.0000003057
2.9999999032
2.9999998343
2.9999998959
2.9999999650
3.0000000022
3.0000000119
3.0000000089
3.0000000036
3.0000000003
2.9999999992
2.9999999993
2.9999999997
2.9999999999
3.0000000000
1.0000000000
-1.0000000000
-1.0000000000
1.0000000000
-1.0000000000
-1.0000000000
0.0000000000
0.0000000000
1.0000000000
-5.0000000000
-5.0000000000
0.0000000000
-10.0000000000
-10.0000000000
1.0000000000
3.0000000000
3.0000000000
10.0000000000
3.0000000000
3.0000000000
2.0000000000
3.0000000000
3.0000000000
2.0000000000
2.0000000000
10.0000000000
-8.0000000000
-8.0000000000
-8.0000000000
-8.0000000000
-8.0000000000
-8.0000000000
-8.0000000000
-8.0000000000
-8.0000000000
-8.0000000000
-8.0000000000
-8.0000000000
-8.0000000000
1.0000000000
3.0000000000
3.0000000000
10.0000000000
4.5000000000
4.5000000000
4.5000000000
4.5000000000
4.5000000000
4.5000000000
4.5000000000
4.5000000000
4.5000000000
4.5000000000
4.5000000000
4.5000000000
4.5000000000
4.0000000000
-0.5000000000
-0.5000000000
-0.5000000000
-0.5000000000
-0.5000000000
-0.5000000000
-0.5000000000
-0.5000000000
-0.5000000000
-0.5000000000
-0.5000000000
-0.5000000000
-0.5000000000
4.0000000000
1.5000000000
1.5000000000
1.5000000000
1.5000000000
1.5000000000
1.5000000000
1.5000000000
1.5000000000
1.5000000000
1.5000000000
1.5000000000
1.5000000000
1.5000000000
100.0000000000
-145.5000000000
-145.5000000000
-145.5000000000
-145.5000000000
-145.5000000000
-145.5000000000
-145.5000000000
-145.5000000000
-145.5000000000
-145.5000000000
-145.5000000000
-145.5000000000
-145.5000000000
-145.5000000000
-145.5000000000
1.0000000000
11.0000000000
-971.0000000000
91329.0000000000
-8580943.0000000000
806243425.0000000000
-75752558079.0000000000
7117515485825.0000000000
-668743445435135.0000000000
62833413808959488.0000000000
-5903665924260451328.0000000000
554693263225246646200.0000000000
-52117552079476134780000.0000000000
4896831122417855888000000.0000000000
-460093655298960542500000000.0000000000
43229216273612622220000000000.0000000000
-4061705955098390737000000000000.000000000
381627442914154289800000000000000.0000000
-35856732810110107610000000000000000.00000
3369006374378693485000000000000000000.000
-316543172260356729600000000000000000000.0
2.974158216697601946000000000000000000000e+40
-2.794442551006704298000000000000000000000e+42
2.625586334659623136000000000000000000000e+44
-2.466933377559642914000000000000000000000e+46
2.317867140372200301000000000000000000000e+48
-2.177808338598844554000000000000000000000e+50
2.046212691426765356000000000000000000000e+52
-1.922568806605719957000000000000000000000e+54
1.806396193132806044000000000000000000000e+56
-1.697243394022195504000000000000000000000e+58
1.594686231903610856000000000000000000000e+60
-1.498326160631785239000000000000000000000e+62
1.407788716501116592000000000000000000000e+64
-1.322722063046796882000000000000000000000e+66
1.242795623777388461000000000000000000000e+68
-1.167698797525526576000000000000000000000e+70
1.097139751424484097000000000000000000000e+72
-1.030844286820004779300000000000000000000e+74
9.685547737102347931000000000000000000000e+75
-9.100291495728927654000000000000000000000e+77
8.550399786890349804000000000000000000000e+79
-8.033735683078637200000000000000000000000e+81
7.548291382179162805000000000000000000000e+83
-7.092180404975181614000000000000000000000e+85
6.663630264123798320000000000000000000000e+87
-6.260975576114379646000000000000000000000e+89
5.882651589441867682000000000000000000000e+91
-5.527188103844910516000000000000000000000e+93
5.193203756978438944000000000000000000000e+95
-4.879400656318193818000000000000000000000e+97
4.584559335436310872000000000000000000000e+99
-4.307534015047605117000000000000000000000e+101
4.047248150410574050000000000000000000000e+103
-3.802690247779920430000000000000000000000e+105
3.572909933652961044000000000000000000000e+107
-3.357014261534671150000000000000000000000e+109
3.154164241869130022000000000000000000000e+111
-2.963571581652368426000000000000000000000e+113
2.784495621056478521000000000000000000000e+115
-2.616240455160428810000000000000000000000e+117
2.458152229602380582000000000000000000000e+119
-2.309616599644173530000000000000000000000e+121
2.170056342773682074000000000000000000000e+123
-2.038929115567403299000000000000000000000e+125
1.915725346096249360000000000000000000000e+127
-1.799966253684247412000000000000000000000e+129
1.691201988324754074000000000000000000000e+131
-1.589009882523794979000000000000000000000e+133
1.492992808777037571000000000000000000000e+135
-1.402777636297405780000000000000000000000e+137
1.318013780996050606000000000000000000000e+139
-1.238371843081768695000000000000000000000e+141
1.163542326984464104000000000000000000000e+143
-1.093234438628163614000000000000000000000e+145
1.027174955379679788200000000000000000000e+147
-9.651071642814477826000000000000000000000e+148
9.067898644424090817000000000000000000000e+150
-8.519964297101519780000000000000000000000e+152
8.005139279817659126000000000000000000000e+154
-7.521422937309759406000000000000000000000e+156
7.066935505359246722000000000000000000000e+158
-6.639910805862768744000000000000000000000e+160
6.238689383308859219000000000000000000000e+162
-5.861712055987982608000000000000000000000e+164
5.507513856875380120000000000000000000000e+166
-5.174718340640462320000000000000000000000e+168
4.862032234659283544000000000000000000000e+170
-4.568240413243469418000000000000000000000e+172
4.292201175554996662000000000000000000000e+174
-4.032841808856399644000000000000000000000e+176
3.789154419854793206000000000000000000000e+178
-3.560192017939962448000000000000000000000e+180
3.345064835095622572000000000000000000000e+182
-3.142936868182709604000000000000000000000e+184
2.953022630157708579000000000000000000000e+186
-2.774584097600973028000000000000000000000e+188
2.606927842692851680000000000000000000000e+190
-2.449402338492240015000000000000000000000e+192
2.301395427045628130000000000000000000000e+194
-2.162331940487493507000000000000000000000e+196
1.0000000000
11.0000000000
-971.0000000000
91329.0000000000
-8580943.0000000000
806243425.0000000000
-75752558079.0000000000
7117515485825.0000000000
-668743445435135.0000000000
62833413808959488.0000000000
-5903665924260451328.0000000000
554693263225246646200.0000000000
-52117552079476134780000.0000000000
4896831122417855888000000.0000000000
-460093655298960542500000000.0000000000
43229216273612622220000000000.0000000000
-4061705955098390737000000000000.000000000
381627442914154289800000000000000.0000000
-35856732810110107610000000000000000.00000
3369006374378693485000000000000000000.000
-316543172260356729600000000000000000000.0
2.974158216697601946000000000000000000000e+40
-2.794442551006704298000000000000000000000e+42
2.625586334659623136000000000000000000000e+44
-2.466933377559642914000000000000000000000e+46
2.317867140372200301000000000000000000000e+48
-2.177808338598844554000000000000000000000e+50
2.046212691426765356000000000000000000000e+52
-1.922568806605719957000000000000000000000e+54
1.806396193132806044000000000000000000000e+56
-1.697243394022195504000000000000000000000e+58
1.594686231903610856000000000000000000000e+60
-1.498326160631785239000000000000000000000e+62
1.407788716501116592000000000000000000000e+64
-1.322722063046796882000000000000000000000e+66
1.242795623777388461000000000000000000000e+68
-1.167698797525526576000000000000000000000e+70
1.097139751424484097000000000000000000000e+72
-1.030844286820004779300000000000000000000e+74
9.685547737102347931000000000000000000000e+75
-9.100291495728927654000000000000000000000e+77
8.550399786890349804000000000000000000000e+79
-8.033735683078637200000000000000000000000e+81
7.548291382179162805000000000000000000000e+83
-7.092180404975181614000000000000000000000e+85
6.663630264123798320000000000000000000000e+87
-6.260975576114379646000000000000000000000e+89
5.882651589441867682000000000000000000000e+91
-5.527188103844910516000000000000000000000e+93
5.193203756978438944000000000000000000000e+95
-4.879400656318193818000000000000000000000e+97
4.584559335436310872000000000000000000000e+99
-4.307534015047605117000000000000000000000e+101
4.047248150410574050000000000000000000000e+103
-3.802690247779920430000000000000000000000e+105
3.572909933652961044000000000000000000000e+107
-3.357014261534671150000000000000000000000e+109
3.154164241869130022000000000000000000000e+111
-2.963571581652368426000000000000000000000e+113
2.784495621056478521000000000000000000000e+115
-2.616240455160428810000000000000000000000e+117
2.458152229602380582000000000000000000000e+119
-2.309616599644173530000000000000000000000e+121
2.170056342773682074000000000000000000000e+123
-2.038929115567403299000000000000000000000e+125
1.915725346096249360000000000000000000000e+127
-1.799966253684247412000000000000000000000e+129
1.691201988324754074000000000000000000000e+131
-1.589009882523794979000000000000000000000e+133
1.492992808777037571000000000000000000000e+135
-1.402777636297405780000000000000000000000e+137
1.318013780996050606000000000000000000000e+139
-1.238371843081768695000000000000000000000e+141
1.163542326984464104000000000000000000000e+143
-1.093234438628163614000000000000000000000e+145
1.027174955379679788200000000000000000000e+147
-9.651071642814477826000000000000000000000e+148
9.067898644424090817000000000000000000000e+150
-8.519964297101519780000000000000000000000e+152
8.005139279817659126000000000000000000000e+154
-7.521422937309759406000000000000000000000e+156
7.066935505359246722000000000000000000000e+158
-6.639910805862768744000000000000000000000e+160
6.238689383308859219000000000000000000000e+162
-5.861712055987982608000000000000000000000e+164
5.507513856875380120000000000000000000000e+166
-5.174718340640462320000000000000000000000e+168
4.862032234659283544000000000000000000000e+170
-4.568240413243469418000000000000000000000e+172
4.292201175554996662000000000000000000000e+174
-4.032841808856399644000000000000000000000e+176
3.789154419854793206000000000000000000000e+178
-3.560192017939962448000000000000000000000e+180
3.345064835095622572000000000000000000000e+182
-3.142936868182709604000000000000000000000e+184
2.953022630157708579000000000000000000000e+186
-2.774584097600973028000000000000000000000e+188
2.606927842692851680000000000000000000000e+190
-2.449402338492240015000000000000000000000e+192
2.301395427045628130000000000000000000000e+194
-2.162331940487493507000000000000000000000e+196
1.0000000000
11.0000000000
-971.0000000000
91329.0000000000
-8580943.0000000000
806243425.0000000000
-75752558079.0000000000
7117515485825.0000000000
-668743445435135.0000000000
62833413808959488.0000000000
-5903665924260451328.0000000000
554693263225246646200.0000000000
-52117552079476134780000.0000000000
4896831122417855888000000.0000000000
-460093655298960542500000000.0000000000
43229216273612622220000000000.0000000000
-4061705955098390737000000000000.000000000
381627442914154289800000000000000.0000000
-35856732810110107610000000000000000.00000
3369006374378693485000000000000000000.000
-316543172260356729600000000000000000000.0
2.974158216697601946000000000000000000000e+40
-2.794442551006704298000000000000000000000e+42
2.625586334659623136000000000000000000000e+44
-2.466933377559642914000000000000000000000e+46
2.317867140372200301000000000000000000000e+48
-2.177808338598844554000000000000000000000e+50
2.046212691426765356000000000000000000000e+52
-1.922568806605719957000000000000000000000e+54
1.806396193132806044000000000000000000000e+56
-1.697243394022195504000000000000000000000e+58
1.594686231903610856000000000000000000000e+60
-1.498326160631785239000000000000000000000e+62
1.407788716501116592000000000000000000000e+64
-1.322722063046796882000000000000000000000e+66
1.242795623777388461000000000000000000000e+68
-1.167698797525526576000000000000000000000e+70
1.097139751424484097000000000000000000000e+72
-1.030844286820004779300000000000000000000e+74
9.685547737102347931000000000000000000000e+75
-9.100291495728927654000000000000000000000e+77
8.550399786890349804000000000000000000000e+79
-8.033735683078637200000000000000000000000e+81
7.548291382179162805000000000000000000000e+83
-7.092180404975181614000000000000000000000e+85
6.663630264123798320000000000000000000000e+87
-6.260975576114379646000000000000000000000e+89
5.882651589441867682000000000000000000000e+91
-5.527188103844910516000000000000000000000e+93
5.193203756978438944000000000000000000000e+95
-4.879400656318193818000000000000000000000e+97
4.584559335436310872000000000000000000000e+99
-4.307534015047605117000000000000000000000e+101
4.047248150410574050000000000000000000000e+103
-3.802690247779920430000000000000000000000e+105
3.572909933652961044000000000000000000000e+107
-3.357014261534671150000000000000000000000e+109
3.154164241869130022000000000000000000000e+111
-2.963571581652368426000000000000000000000e+113
2.784495621056478521000000000000000000000e+115
-2.616240455160428810000000000000000000000e+117
2.458152229602380582000000000000000000000e+119
-2.309616599644173530000000000000000000000e+121
2.170056342773682074000000000000000000000e+123
-2.038929115567403299000000000000000000000e+125
1.915725346096249360000000000000000000000e+127
-1.799966253684247412000000000000000000000e+129
1.691201988324754074000000000000000000000e+131
-1.589009882523794979000000000000000000000e+133
1.492992808777037571000000000000000000000e+135
-1.402777636297405780000000000000000000000e+137
1.318013780996050606000000000000000000000e+139
-1.238371843081768695000000000000000000000e+141
1.163542326984464104000000000000000000000e+143
-1.093234438628163614000000000000000000000e+145
1.027174955379679788200000000000000000000e+147
-9.651071642814477826000000000000000000000e+148
9.067898644424090817000000000000000000000e+150
-8.519964297101519780000000000000000000000e+152
8.005139279817659126000000000000000000000e+154
-7.521422937309759406000000000000000000000e+156
7.066935505359246722000000000000000000000e+158
-6.639910805862768744000000000000000000000e+160
6.238689383308859219000000000000000000000e+162
-5.861712055987982608000000000000000000000e+164
5.507513856875380120000000000000000000000e+166
-5.174718340640462320000000000000000000000e+168
4.862032234659283544000000000000000000000e+170
-4.568240413243469418000000000000000000000e+172
4.292201175554996662000000000000000000000e+174
-4.032841808856399644000000000000000000000e+176
3.789154419854793206000000000000000000000e+178
-3.560192017939962448000000000000000000000e+180
3.345064835095622572000000000000000000000e+182
-3.142936868182709604000000000000000000000e+184
2.953022630157708579000000000000000000000e+186
-2.774584097600973028000000000000000000000e+188
2.606927842692851680000000000000000000000e+190
-2.449402338492240015000000000000000000000e+192
2.301395427045628130000000000000000000000e+194
-2.162331940487493507000000000000000000000e+196
2.031671465887425727000000000000000000000e+198
-1.908906245157985002000000000000000000000e+200
1.793559201862150907000000000000000000000e+202
-1.685182087252358616000000000000000000000e+204
1.583353738336472518000000000000000000000e+206
-1.487678441201383423000000000000000000000e+208
1.397784393233965917000000000000000000000e+210
-1.313322258263447377000000000000000000000e+212
1.233963809010346883000000000000000000000e+214
-1.159400651566420782000000000000000000000e+216
1.089343026948831264000000000000000000000e+218
-1.023518685071274904600000000000000000000e+220
9.616718267562190928000000000000000000000e+221
-9.035621096768172909000000000000000000000e+223
8.489637143655057486000000000000000000000e+225
-7.976644666597044789000000000000000000000e+227
7.494650131743759598000000000000000000000e+229
-7.041780465972494327000000000000000000000e+231
6.616275777961447441000000000000000000000e+233
-6.216482519097371114000000000000000000000e+235
5.840847057640343906000000000000000000000e+237
-5.487909641174283792000000000000000000000e+239
5.156298723880771040000000000000000000000e+241
-4.844725636591454923000000000000000000000e+243
4.551979578906414889000000000000000000000e+245
-4.276922913917393308000000000000000000000e+247
4.018486747250787077000000000000000000000e+249
-3.775666773250172738000000000000000000000e+251
3.547519372156262112000000000000000000000e+253
-3.333157943117586207000000000000000000000e+255
3.131749458781668720000000000000000000000e+257
-2.942511228077521679000000000000000000000e+259
2.764707854609357490000000000000000000000e+261
-2.597648378841565227000000000000000000000e+263
2.440683592969227575000000000000000000000e+265
-2.293203518039536787000000000000000000000e+267
2.154635033519976619000000000000000000000e+269
-2.024439650101562033000000000000000000000e+271
1.902111417082060428000000000000000000000e+273
-1.787174956197096019000000000000000000000e+275
1.679183614258437408000000000000000000000e+277
-1.577717727420452177000000000000000000000e+279
1.482382990329521874000000000000000000000e+281
-1.392808923818782424000000000000000000000e+283
1.308647435193523779000000000000000000000e+285
-1.229571465512384907000000000000000000000e+287
1.155273718607564444000000000000000000000e+289
-1.085465466904905662000000000000000000000e+291
1.019875429403168245900000000000000000000e+293
-9.582487174522161754000000000000000000000e+294
9.003458442333219202000000000000000000000e+296
-8.459417940923417500000000000000000000000e+298
7.948251481091079555000000000000000000000e+300
-7.467972625049245621000000000000000000000e+302
7.016714966953854558000000000000000000000e+304
-6.592724879886602912000000000000000000000e+306
1.0000000000
11.0000000000
-971.0000000000
91329.0000000000
-8580943.0000000000
806243425.0000000000
-75752558079.0000000000
7117515485825.0000000000
-668743445435135.0000000000
62833413808959488.0000000000
-5903665924260451328.0000000000
554693263225246646200.0000000000
-52117552079476134780000.0000000000
4896831122417855888000000.0000000000
-460093655298960542500000000.0000000000
43229216273612622220000000000.0000000000
-4061705955098390737000000000000.000000000
381627442914154289800000000000000.0000000
-35856732810110107610000000000000000.00000
3369006374378693485000000000000000000.000
-316543172260356729600000000000000000000.0
2.974158216697601946000000000000000000000e+40
-2.794442551006704298000000000000000000000e+42
2.625586334659623136000000000000000000000e+44
-2.466933377559642914000000000000000000000e+46
2.317867140372200301000000000000000000000e+48
-2.177808338598844554000000000000000000000e+50
2.046212691426765356000000000000000000000e+52
-1.922568806605719957000000000000000000000e+54
1.806396193132806044000000000000000000000e+56
-1.697243394022195504000000000000000000000e+58
1.594686231903610856000000000000000000000e+60
-1.498326160631785239000000000000000000000e+62
1.407788716501116592000000000000000000000e+64
-1.322722063046796882000000000000000000000e+66
1.242795623777388461000000000000000000000e+68
-1.167698797525526576000000000000000000000e+70
1.097139751424484097000000000000000000000e+72
-1.030844286820004779300000000000000000000e+74
9.685547737102347931000000000000000000000e+75
-9.100291495728927654000000000000000000000e+77
8.550399786890349804000000000000000000000e+79
-8.033735683078637200000000000000000000000e+81
7.548291382179162805000000000000000000000e+83
-7.092180404975181614000000000000000000000e+85
6.663630264123798320000000000000000000000e+87
-6.260975576114379646000000000000000000000e+89
5.882651589441867682000000000000000000000e+91
-5.527188103844910516000000000000000000000e+93
5.193203756978438944000000000000000000000e+95
-4.879400656318193818000000000000000000000e+97
4.584559335436310872000000000000000000000e+99
-4.307534015047605117000000000000000000000e+101
4.047248150410574050000000000000000000000e+103
-3.802690247779920430000000000000000000000e+105
3.572909933652961044000000000000000000000e+107
-3.357014261534671150000000000000000000000e+109
3.154164241869130022000000000000000000000e+111
-2.963571581652368426000000000000000000000e+113
2.784495621056478521000000000000000000000e+115
-2.616240455160428810000000000000000000000e+117
2.458152229602380582000000000000000000000e+119
-2.309616599644173530000000000000000000000e+121
2.170056342773682074000000000000000000000e+123
-2.038929115567403299000000000000000000000e+125
1.915725346096249360000000000000000000000e+127
-1.799966253684247412000000000000000000000e+129
1.691201988324754074000000000000000000000e+131
-1.589009882523794979000000000000000000000e+133
1.492992808777037571000000000000000000000e+135
-1.402777636297405780000000000000000000000e+137
1.318013780996050606000000000000000000000e+139
-1.238371843081768695000000000000000000000e+141
1.163542326984464104000000000000000000000e+143
-1.093234438628163614000000000000000000000e+145
1.027174955379679788200000000000000000000e+147
-9.651071642814477826000000000000000000000e+148
9.067898644424090817000000000000000000000e+150
-8.519964297101519780000000000000000000000e+152
8.005139279817659126000000000000000000000e+154
-7.521422937309759406000000000000000000000e+156
7.066935505359246722000000000000000000000e+158
-6.639910805862768744000000000000000000000e+160
6.238689383308859219000000000000000000000e+162
-5.861712055987982608000000000000000000000e+164
5.507513856875380120000000000000000000000e+166
-5.174718340640462320000000000000000000000e+168
4.862032234659283544000000000000000000000e+170
-4.568240413243469418000000000000000000000e+172
4.292201175554996662000000000000000000000e+174
-4.032841808856399644000000000000000000000e+176
3.789154419854793206000000000000000000000e+178
-3.560192017939962448000000000000000000000e+180
3.345064835095622572000000000000000000000e+182
-3.142936868182709604000000000000000000000e+184
2.953022630157708579000000000000000000000e+186
-2.774584097600973028000000000000000000000e+188
2.606927842692851680000000000000000000000e+190
-2.449402338492240015000000000000000000000e+192
2.301395427045628130000000000000000000000e+194
-2.162331940487493507000000000000000000000e+196
1.0000000000
11.0000000000
-971.0000000000
91329.0000000000
-8580943.0000000000
806243425.0000000000
-75752558079.0000000000
7117515485825.0000000000
-668743445435135.0000000000
62833413808959488.0000000000
-5903665924260451328.0000000000
554693263225246646200.0000000000
-52117552079476134780000.0000000000
4896831122417855888000000.0000000000
-460093655298960542500000000.0000000000
43229216273612622220000000000.0000000000
-4061705955098390737000000000000.000000000
381627442914154289800000000000000.0000000
-35856732810110107610000000000000000.00000
3369006374378693485000000000000000000.000
-316543172260356729600000000000000000000.0
2.974158216697601946000000000000000000000e+40
-2.794442551006704298000000000000000000000e+42
2.625586334659623136000000000000000000000e+44
-2.466933377559642914000000000000000000000e+46
2.317867140372200301000000000000000000000e+48
-2.177808338598844554000000000000000000000e+50
2.046212691426765356000000000000000000000e+52
-1.922568806605719957000000000000000000000e+54
1.806396193132806044000000000000000000000e+56
-1.697243394022195504000000000000000000000e+58
1.594686231903610856000000000000000000000e+60
-1.498326160631785239000000000000000000000e+62
1.407788716501116592000000000000000000000e+64
-1.322722063046796882000000000000000000000e+66
1.242795623777388461000000000000000000000e+68
-1.167698797525526576000000000000000000000e+70
1.097139751424484097000000000000000000000e+72
-1.030844286820004779300000000000000000000e+74
9.685547737102347931000000000000000000000e+75
-9.100291495728927654000000000000000000000e+77
8.550399786890349804000000000000000000000e+79
-8.033735683078637200000000000000000000000e+81
7.548291382179162805000000000000000000000e+83
-7.092180404975181614000000000000000000000e+85
6.663630264123798320000000000000000000000e+87
-6.260975576114379646000000000000000000000e+89
5.882651589441867682000000000000000000000e+91
-5.527188103844910516000000000000000000000e+93
5.193203756978438944000000000000000000000e+95
-4.879400656318193818000000000000000000000e+97
4.584559335436310872000000000000000000000e+99
-4.307534015047605117000000000000000000000e+101
4.047248150410574050000000000000000000000e+103
-3.802690247779920430000000000000000000000e+105
3.572909933652961044000000000000000000000e+107
-3.357014261534671150000000000000000000000e+109
3.154164241869130022000000000000000000000e+111
-2.963571581652368426000000000000000000000e+113
2.784495621056478521000000000000000000000e+115
-2.616240455160428810000000000000000000000e+117
2.458152229602380582000000000000000000000e+119
-2.309616599644173530000000000000000000000e+121
2.170056342773682074000000000000000000000e+123
-2.038929115567403299000000000000000000000e+125
1.915725346096249360000000000000000000000e+127
-1.799966253684247412000000000000000000000e+129
1.691201988324754074000000000000000000000e+131
-1.589009882523794979000000000000000000000e+133
1.492992808777037571000000000000000000000e+135
-1.402777636297405780000000000000000000000e+137
1.318013780996050606000000000000000000000e+139
-1.238371843081768695000000000000000000000e+141
1.163542326984464104000000000000000000000e+143
-1.093234438628163614000000000000000000000e+145
1.027174955379679788200000000000000000000e+147
-9.651071642814477826000000000000000000000e+148
9.067898644424090817000000000000000000000e+150
-8.519964297101519780000000000000000000000e+152
8.005139279817659126000000000000000000000e+154
-7.521422937309759406000000000000000000000e+156
7.066935505359246722000000000000000000000e+158
-6.639910805862768744000000000000000000000e+160
6.238689383308859219000000000000000000000e+162
-5.861712055987982608000000000000000000000e+164
5.507513856875380120000000000000000000000e+166
-5.174718340640462320000000000000000000000e+168
4.862032234659283544000000000000000000000e+170
-4.568240413243469418000000000000000000000e+172
4.292201175554996662000000000000000000000e+174
-4.032841808856399644000000000000000000000e+176
3.789154419854793206000000000000000000000e+178
-3.560192017939962448000000000000000000000e+180
3.345064835095622572000000000000000000000e+182
-3.142936868182709604000000000000000000000e+184
2.953022630157708579000000000000000000000e+186
-2.774584097600973028000000000000000000000e+188
2.606927842692851680000000000000000000000e+190
-2.449402338492240015000000000000000000000e+192
2.301395427045628130000000000000000000000e+194
-2.162331940487493507000000000000000000000e+196
2.031671465887425727000000000000000000000e+198
-1.908906245157985002000000000000000000000e+200
1.793559201862150907000000000000000000000e+202
-1.685182087252358616000000000000000000000e+204
1.583353738336472518000000000000000000000e+206
-1.487678441201383423000000000000000000000e+208
1.397784393233965917000000000000000000000e+210
-1.313322258263447377000000000000000000000e+212
1.233963809010346883000000000000000000000e+214
-1.159400651566420782000000000000000000000e+216
1.089343026948831264000000000000000000000e+218
-1.023518685071274904600000000000000000000e+220
9.616718267562190928000000000000000000000e+221
-9.035621096768172909000000000000000000000e+223
8.489637143655057486000000000000000000000e+225
-7.976644666597044789000000000000000000000e+227
7.494650131743759598000000000000000000000e+229
-7.041780465972494327000000000000000000000e+231
6.616275777961447441000000000000000000000e+233
-6.216482519097371114000000000000000000000e+235
5.840847057640343906000000000000000000000e+237
-5.487909641174283792000000000000000000000e+239
5.156298723880771040000000000000000000000e+241
-4.844725636591454923000000000000000000000e+243
4.551979578906414889000000000000000000000e+245
-4.276922913917393308000000000000000000000e+247
4.018486747250787077000000000000000000000e+249
-3.775666773250172738000000000000000000000e+251
3.547519372156262112000000000000000000000e+253
-3.333157943117586207000000000000000000000e+255
3.131749458781668720000000000000000000000e+257
-2.942511228077521679000000000000000000000e+259
2.764707854609357490000000000000000000000e+261
-2.597648378841565227000000000000000000000e+263
2.440683592969227575000000000000000000000e+265
-2.293203518039536787000000000000000000000e+267
2.154635033519976619000000000000000000000e+269
-2.024439650101562033000000000000000000000e+271
1.902111417082060428000000000000000000000e+273
-1.787174956197096019000000000000000000000e+275
1.679183614258437408000000000000000000000e+277
-1.577717727420452177000000000000000000000e+279
1.482382990329521874000000000000000000000e+281
-1.392808923818782424000000000000000000000e+283
1.308647435193523779000000000000000000000e+285
-1.229571465512384907000000000000000000000e+287
1.155273718607564444000000000000000000000e+289
-1.085465466904905662000000000000000000000e+291
1.019875429403168245900000000000000000000e+293
-9.582487174522161754000000000000000000000e+294
9.003458442333219202000000000000000000000e+296
-8.459417940923417500000000000000000000000e+298
7.948251481091079555000000000000000000000e+300
-7.467972625049245621000000000000000000000e+302
7.016714966953854558000000000000000000000e+304
-6.592724879886602912000000000000000000000e+306
