1.0000000000
6.2000000000
6.9662500000
5.3506835938
4.2454337769
3.8036404318
3.7707100674
3.8740713143
3.9659044014
4.0092873511
4.0172762011
4.0110861844
4.0038358648
3.9998476291
3.9987674045
3.9990612407
3.9996084409
3.9999596786
4.0000812633
4.0000764800
4.0000374483
4.0000077093
3.9999953005
3.9999940195
3.9999965923
3.9999990149
4.0000002015
4.0000004460
4.0000002973
4.0000001079
3.9999999999
3.9999999687
3.9999999751
3.9999999892
3.9999999986
4.0000000020
4.0000000020
4.0000000010
4.0000000002
3.9999999999
3.9999999998
2.0000000000
6.4000000000
6.6150000000
5.1507031250
4.1645217285
3.7954984261
3.7877773036
3.8899121247
3.9735943859
4.0108239198
4.0162740665
4.0098415497
4.0031336390
3.9996481473
3.9988117357
3.9991543701
3.9996698632
3.9999816825
4.0000810184
4.0000699112
4.0000322812
4.0000054916
3.9999950287
3.9999944452
3.9999970104
3.9999992250
4.0000002480
4.0000004222
4.0000002649
4.0000000889
3.9999999942
3.9999999696
3.9999999774
3.9999999908
3.9999999992
4.0000000020
4.0000000018
4.0000000009
4.0000000002
3.9999999999
3.9999999999
0.0000000000
0.0000000000
6.0000000000
7.3175000000
5.5506640625
4.3263458252
3.8117824375
3.7536428313
3.8582305039
3.9582144168
4.0077507823
4.0182783358
4.0123308191
4.0045380906
4.0000471109
3.9987230732
3.9989681113
3.9995470186
3.9999376748
4.0000815082
4.0000830488
4.0000426155
4.0000099269
3.9999955722
3.9999935938
3.9999961741
3.9999988048
4.0000001551
4.0000004699
4.0000003298
4.0000001269
4.0000000056
3.9999999678
3.9999999727
3.9999999875
3.9999999980
4.0000000020
4.0000000022
4.0000000012
4.0000000003
3.9999999999
3.9999999998
3.9999999999
2.0000000000
6.4000000000
6.6150000000
5.1507031250
4.1645217285
3.7954984261
3.7877773036
3.8899121247
3.9735943859
4.0108239198
4.0162740665
4.0098415497
4.0031336390
3.9996481473
3.9988117357
3.9991543701
3.9996698632
3.9999816825
4.0000810184
4.0000699112
4.0000322812
4.0000054916
3.9999950287
3.9999944452
3.9999970104
3.9999992250
4.0000002480
4.0000004222
4.0000002649
4.0000000889
3.9999999942
3.9999999696
3.9999999774
3.9999999908
3.9999999992
4.0000000020
4.0000000018
4.0000000009
4.0000000002
3.9999999999
3.9999999999
1.0000000000
1.0000000000
1.0000000000
1.0000000000
1.0000000000
1.0000000000
1.0000000000
1.0000000000
1.0000000000
2.0000000000
2.0000000000
10.0000000000
11.7500000000
11.9687500000
11.9960937500
11.9995117188
11.9999389648
11.9999923706
11.9999990463
11.9999998808
11.9999999851
11.9999999981
11.9999999998
12.0000000000
12.0000000000
1.0000000000
1.0000000000
1.0000000000
0.0000000000
-0.4375000000
-0.4921875000
-0.4990234375
-0.4998779297
-0.4999847412
-0.4999980927
-0.4999997616
-0.4999999702
-0.4999999963
-0.4999999995
-0.4999999999
-0.5000000000
-0.5000000000
4.0000000000
4.4375000000
4.4921875000
4.4990234375
4.4998779297
4.4999847412
4.4999980927
4.4999997616
4.4999999702
4.4999999963
4.4999999995
4.4999999999
4.5000000000
4.5000000000
4.0000000000
2.6875000000
2.5234375000
2.5029296875
2.5003662109
2.5000457764
2.5000057220
2.5000007153
2.5000000894
2.5000000112
2.5000000014
2.5000000002
2.5000000000
2.5000000000
100.0000000000
143.3125000000
148.7265625000
149.4033203125
149.4879150391
149.4984893799
149.4998111725
149.4999763966
149.4999970496
149.4999996312
149.4999999539
149.4999999942
149.4999999993
149.4999999999
149.5000000000
149.5000000000
1.0000000000
269.0000000000
-24993.0000000000
2348563.0000000000
-220664653.0000000000
20733083427.0000000000
-1948027183229.0000000000
183031622890115.0000000000
-17197180442937596.0000000000
1615802835144573952.0000000000
-151816677781818212400.0000000000
14264304500150332560000.0000000000
-1340237356303003884000000.0000000000
125925254274481768800000000.0000000000
-11831612952376075740000000000.0000000000
1111667916506253224000000000000.000000000
-104449457699778291010000000000000.0000000
9813802352113134481000000000000000.000000
-922079623267835488500000000000000000.0000
86636229377768080480000000000000000000.00
-8140117243017128269000000000000000000000
7.648244759260990058000000000000000000000e+41
-7.186094026808123906000000000000000000000e+43
6.751869087295932384000000000000000000000e+45
-6.343882504447452462000000000000000000000e+47
5.960548806545687000000000000000000000000e+49
-5.600378325151167348000000000000000000000e+51
5.261971406119479558000000000000000000000e+53
-4.944012970422250464000000000000000000000e+55
4.645267403634467428000000000000000000000e+57
-4.364573754228231594000000000000000000000e+59
4.100841222013083407000000000000000000000e+61
-3.853044919190606751000000000000000000000e+63
3.620221887550365424000000000000000000000e+65
-3.401467356329667013000000000000000000000e+67
3.195931226194866806000000000000000000000e+69
-3.002814765680643145000000000000000000000e+71
2.821367507249326526000000000000000000000e+73
-2.650884330908094916000000000000000000000e+75
2.490702724050709671000000000000000000000e+77
-2.340200206875303530000000000000000000000e+79
2.198791913373165099000000000000000000000e+81
-2.065928318488024909000000000000000000000e+83
1.941093102613394224000000000000000000000e+85
-1.823801145129195251000000000000000000000e+87
1.713596639180397915000000000000000000000e+89
-1.610051320371522336000000000000000000000e+91
1.512762802493558984000000000000000000000e+93
-1.421353013815796944000000000000000000000e+95
1.335466727865851447000000000000000000000e+97
-1.254770182988374094000000000000000000000e+99
1.178949785317925271000000000000000000000e+101
-1.107710890125654308000000000000000000000e+103
1.040776656803987949000000000000000000000e+105
-9.778869730396984166000000000000000000000e+106
9.187974439945948408000000000000000000000e+108
-8.632784425657032734000000000000000000000e+110
8.111142170341633350000000000000000000000e+112
-7.621020526350872331000000000000000000000e+114
7.160514837901683380000000000000000000000e+116
-6.727835539417041824000000000000000000000e+118
6.321301201116858346000000000000000000000e+120
-5.939331994834079868000000000000000000000e+122
5.580443554663588224000000000000000000000e+124
-5.243241208585838304000000000000000000000e+126
4.926414558648822546000000000000000000000e+128
-4.628732388646458850000000000000000000000e+130
4.349037879504211495000000000000000000000e+132
-4.086244113778500160000000000000000000000e+134
3.839329851799988808000000000000000000000e+136
-3.607335563046478062000000000000000000000e+138
3.389359697322969523000000000000000000000e+140
-3.184555181258372890000000000000000000000e+142
2.992126126503941262000000000000000000000e+144
-2.811324736841201170000000000000000000000e+146
2.641448402180127370000000000000000000000e+148
-2.481836968154583320000000000000000000000e+150
2.331870170704436382000000000000000000000e+152
-2.190965225674908426000000000000000000000e+154
2.058574564066132350000000000000000000000e+156
-1.934183704131894346000000000000000000000e+158
1.817309252058354374000000000000000000000e+160
-1.707497023453200536000000000000000000000e+162
1.604320278345185077000000000000000000000e+164
-1.507378062835092798000000000000000000000e+166
1.416293650953649152000000000000000000000e+168
-1.330713080671296066000000000000000000000e+170
1.250303778370636539000000000000000000000e+172
-1.174753266436129630000000000000000000000e+174
1.103767948938613573000000000000000000000e+176
-1.037071970695722200600000000000000000000e+178
9.744061452744032578000000000000000000000e+179
-9.155269477696606820000000000000000000000e+181
8.602055684453713408000000000000000000000e+183
-8.082270235595412016000000000000000000000e+185
7.593893199185906016000000000000000000000e+187
-7.135026699140513552000000000000000000000e+189
6.703887539912408208000000000000000000000e+191
-6.298800276838006198000000000000000000000e+193
5.918190705211761126000000000000000000000e+195
-5.560579742788319751000000000000000000000e+197
1.0000000000
269.0000000000
-24993.0000000000
2348563.0000000000
-220664653.0000000000
20733083427.0000000000
-1948027183229.0000000000
183031622890115.0000000000
-17197180442937596.0000000000
1615802835144573952.0000000000
-151816677781818212400.0000000000
14264304500150332560000.0000000000
-1340237356303003884000000.0000000000
125925254274481768800000000.0000000000
-11831612952376075740000000000.0000000000
1111667916506253224000000000000.000000000
-104449457699778291010000000000000.0000000
9813802352113134481000000000000000.000000
-922079623267835488500000000000000000.0000
86636229377768080480000000000000000000.00
-8140117243017128269000000000000000000000
7.648244759260990058000000000000000000000e+41
-7.186094026808123906000000000000000000000e+43
6.751869087295932384000000000000000000000e+45
-6.343882504447452462000000000000000000000e+47
5.960548806545687000000000000000000000000e+49
-5.600378325151167348000000000000000000000e+51
5.261971406119479558000000000000000000000e+53
-4.944012970422250464000000000000000000000e+55
4.645267403634467428000000000000000000000e+57
-4.364573754228231594000000000000000000000e+59
4.100841222013083407000000000000000000000e+61
-3.853044919190606751000000000000000000000e+63
3.620221887550365424000000000000000000000e+65
-3.401467356329667013000000000000000000000e+67
3.195931226194866806000000000000000000000e+69
-3.002814765680643145000000000000000000000e+71
2.821367507249326526000000000000000000000e+73
-2.650884330908094916000000000000000000000e+75
2.490702724050709671000000000000000000000e+77
-2.340200206875303530000000000000000000000e+79
2.198791913373165099000000000000000000000e+81
-2.065928318488024909000000000000000000000e+83
1.941093102613394224000000000000000000000e+85
-1.823801145129195251000000000000000000000e+87
1.713596639180397915000000000000000000000e+89
-1.610051320371522336000000000000000000000e+91
1.512762802493558984000000000000000000000e+93
-1.421353013815796944000000000000000000000e+95
1.335466727865851447000000000000000000000e+97
-1.254770182988374094000000000000000000000e+99
1.178949785317925271000000000000000000000e+101
-1.107710890125654308000000000000000000000e+103
1.040776656803987949000000000000000000000e+105
-9.778869730396984166000000000000000000000e+106
9.187974439945948408000000000000000000000e+108
-8.632784425657032734000000000000000000000e+110
8.111142170341633350000000000000000000000e+112
-7.621020526350872331000000000000000000000e+114
7.160514837901683380000000000000000000000e+116
-6.727835539417041824000000000000000000000e+118
6.321301201116858346000000000000000000000e+120
-5.939331994834079868000000000000000000000e+122
5.580443554663588224000000000000000000000e+124
-5.243241208585838304000000000000000000000e+126
4.926414558648822546000000000000000000000e+128
-4.628732388646458850000000000000000000000e+130
4.349037879504211495000000000000000000000e+132
-4.086244113778500160000000000000000000000e+134
3.839329851799988808000000000000000000000e+136
-3.607335563046478062000000000000000000000e+138
3.389359697322969523000000000000000000000e+140
-3.184555181258372890000000000000000000000e+142
2.992126126503941262000000000000000000000e+144
-2.811324736841201170000000000000000000000e+146
2.641448402180127370000000000000000000000e+148
-2.481836968154583320000000000000000000000e+150
2.331870170704436382000000000000000000000e+152
-2.190965225674908426000000000000000000000e+154
2.058574564066132350000000000000000000000e+156
-1.934183704131894346000000000000000000000e+158
1.817309252058354374000000000000000000000e+160
-1.707497023453200536000000000000000000000e+162
1.604320278345185077000000000000000000000e+164
-1.507378062835092798000000000000000000000e+166
1.416293650953649152000000000000000000000e+168
-1.330713080671296066000000000000000000000e+170
1.250303778370636539000000000000000000000e+172
-1.174753266436129630000000000000000000000e+174
1.103767948938613573000000000000000000000e+176
-1.037071970695722200600000000000000000000e+178
9.744061452744032578000000000000000000000e+179
-9.155269477696606820000000000000000000000e+181
8.602055684453713408000000000000000000000e+183
-8.082270235595412016000000000000000000000e+185
7.593893199185906016000000000000000000000e+187
-7.135026699140513552000000000000000000000e+189
6.703887539912408208000000000000000000000e+191
-6.298800276838006198000000000000000000000e+193
5.918190705211761126000000000000000000000e+195
-5.560579742788319751000000000000000000000e+197
1.0000000000
269.0000000000
-24993.0000000000
2348563.0000000000
-220664653.0000000000
20733083427.0000000000
-1948027183229.0000000000
183031622890115.0000000000
-17197180442937596.0000000000
1615802835144573952.0000000000
-151816677781818212400.0000000000
14264304500150332560000.0000000000
-1340237356303003884000000.0000000000
125925254274481768800000000.0000000000
-11831612952376075740000000000.0000000000
1111667916506253224000000000000.000000000
-104449457699778291010000000000000.0000000
9813802352113134481000000000000000.000000
-922079623267835488500000000000000000.0000
86636229377768080480000000000000000000.00
-8140117243017128269000000000000000000000
7.648244759260990058000000000000000000000e+41
-7.186094026808123906000000000000000000000e+43
6.751869087295932384000000000000000000000e+45
-6.343882504447452462000000000000000000000e+47
5.960548806545687000000000000000000000000e+49
-5.600378325151167348000000000000000000000e+51
5.261971406119479558000000000000000000000e+53
-4.944012970422250464000000000000000000000e+55
4.645267403634467428000000000000000000000e+57
-4.364573754228231594000000000000000000000e+59
4.100841222013083407000000000000000000000e+61
-3.853044919190606751000000000000000000000e+63
3.620221887550365424000000000000000000000e+65
-3.401467356329667013000000000000000000000e+67
3.195931226194866806000000000000000000000e+69
-3.002814765680643145000000000000000000000e+71
2.821367507249326526000000000000000000000e+73
-2.650884330908094916000000000000000000000e+75
2.490702724050709671000000000000000000000e+77
-2.340200206875303530000000000000000000000e+79
2.198791913373165099000000000000000000000e+81
-2.065928318488024909000000000000000000000e+83
1.941093102613394224000000000000000000000e+85
-1.823801145129195251000000000000000000000e+87
1.713596639180397915000000000000000000000e+89
-1.610051320371522336000000000000000000000e+91
1.512762802493558984000000000000000000000e+93
-1.421353013815796944000000000000000000000e+95
1.335466727865851447000000000000000000000e+97
-1.254770182988374094000000000000000000000e+99
1.178949785317925271000000000000000000000e+101
-1.107710890125654308000000000000000000000e+103
1.040776656803987949000000000000000000000e+105
-9.778869730396984166000000000000000000000e+106
9.187974439945948408000000000000000000000e+108
-8.632784425657032734000000000000000000000e+110
8.111142170341633350000000000000000000000e+112
-7.621020526350872331000000000000000000000e+114
7.160514837901683380000000000000000000000e+116
-6.727835539417041824000000000000000000000e+118
6.321301201116858346000000000000000000000e+120
-5.939331994834079868000000000000000000000e+122
5.580443554663588224000000000000000000000e+124
-5.243241208585838304000000000000000000000e+126
4.926414558648822546000000000000000000000e+128
-4.628732388646458850000000000000000000000e+130
4.349037879504211495000000000000000000000e+132
-4.086244113778500160000000000000000000000e+134
3.839329851799988808000000000000000000000e+136
-3.607335563046478062000000000000000000000e+138
3.389359697322969523000000000000000000000e+140
-3.184555181258372890000000000000000000000e+142
2.992126126503941262000000000000000000000e+144
-2.811324736841201170000000000000000000000e+146
2.641448402180127370000000000000000000000e+148
-2.481836968154583320000000000000000000000e+150
2.331870170704436382000000000000000000000e+152
-2.190965225674908426000000000000000000000e+154
2.058574564066132350000000000000000000000e+156
-1.934183704131894346000000000000000000000e+158
1.817309252058354374000000000000000000000e+160
-1.707497023453200536000000000000000000000e+162
1.604320278345185077000000000000000000000e+164
-1.507378062835092798000000000000000000000e+166
1.416293650953649152000000000000000000000e+168
-1.330713080671296066000000000000000000000e+170
1.250303778370636539000000000000000000000e+172
-1.174753266436129630000000000000000000000e+174
1.103767948938613573000000000000000000000e+176
-1.037071970695722200600000000000000000000e+178
9.744061452744032578000000000000000000000e+179
-9.155269477696606820000000000000000000000e+181
8.602055684453713408000000000000000000000e+183
-8.082270235595412016000000000000000000000e+185
7.593893199185906016000000000000000000000e+187
-7.135026699140513552000000000000000000000e+189
6.703887539912408208000000000000000000000e+191
-6.298800276838006198000000000000000000000e+193
5.918190705211761126000000000000000000000e+195
-5.560579742788319751000000000000000000000e+197
5.224577681938936106000000000000000000000e+199
-4.908878789125484038000000000000000000000e+201
4.612256230705179154000000000000000000000e+203
-4.333557305347218962000000000000000000000e+205
4.071698964534104240000000000000000000000e+207
-3.825663603739919624000000000000000000000e+209
3.594495107929710835000000000000000000000e+211
-3.377295136012431868000000000000000000000e+213
3.173219629808514160000000000000000000000e+215
-2.981475533965598432000000000000000000000e+217
2.801317714075738932000000000000000000000e+219
-2.632046061017608940000000000000000000000e+221
2.473002770270921895000000000000000000000e+223
-2.323569785630259486000000000000000000000e+225
2.183166397384335243000000000000000000000e+227
-2.051246985627022793000000000000000000000e+229
1.927298899930447290000000000000000000000e+231
-1.810840467140369804000000000000000000000e+233
1.701419119551975258000000000000000000000e+235
-1.598609636192000570000000000000000000000e+237
1.502012490372659534000000000000000000000e+239
-1.411252297095823266000000000000000000000e+241
1.325976354273924768000000000000000000000e+243
-1.245853272098650857000000000000000000000e+245
1.170571685231022128000000000000000000000e+247
-1.099839042808321392000000000000000000000e+249
1.033380471565729661500000000000000000000e+251
-9.709377076546625194000000000000000000000e+252
9.122680930067564516000000000000000000000e+254
-8.571436323432892632000000000000000000000e+256
8.053501071654892544000000000000000000000e+258
-7.566862432826225491000000000000000000000e+260
7.109629286427989748000000000000000000000e+262
-6.680024784269180724000000000000000000000e+264
6.276379445498457456000000000000000000000e+266
-5.897124668854841330000000000000000000000e+268
5.540786636945350912000000000000000000000e+270
-5.205980588861088087000000000000000000000e+272
4.891405438874644406000000000000000000000e+274
-4.595838720306620942000000000000000000000e+276
4.318131834912673655000000000000000000000e+278
-4.057205589329790853000000000000000000000e+280
3.812046001236038822000000000000000000000e+282
-3.581700358926144474000000000000000000000e+284
3.365273518990081543000000000000000000000e+286
-3.161924427707106344000000000000000000000e+288
2.970862852637084061000000000000000000000e+290
-2.791346311707776041000000000000000000000e+292
2.622677187864254664000000000000000000000e+294
-2.464200018067716304000000000000000000000e+296
2.315298946108507569000000000000000000000e+298
-2.175395329334770223000000000000000000000e+300
2.043945489996240799000000000000000000000e+302
-1.920438602464732471000000000000000000000e+304
1.804394708120849721000000000000000000000e+306
-1.695362850192612903000000000000000000000e+308
1.0000000000
269.0000000000
-24993.0000000000
2348563.0000000000
-220664653.0000000000
20733083427.0000000000
-1948027183229.0000000000
183031622890115.0000000000
-17197180442937596.0000000000
1615802835144573952.0000000000
-151816677781818212400.0000000000
14264304500150332560000.0000000000
-1340237356303003884000000.0000000000
125925254274481768800000000.0000000000
-11831612952376075740000000000.0000000000
1111667916506253224000000000000.000000000
-104449457699778291010000000000000.0000000
9813802352113134481000000000000000.000000
-922079623267835488500000000000000000.0000
86636229377768080480000000000000000000.00
-8140117243017128269000000000000000000000
7.648244759260990058000000000000000000000e+41
-7.186094026808123906000000000000000000000e+43
6.751869087295932384000000000000000000000e+45
-6.343882504447452462000000000000000000000e+47
5.960548806545687000000000000000000000000e+49
-5.600378325151167348000000000000000000000e+51
5.261971406119479558000000000000000000000e+53
-4.944012970422250464000000000000000000000e+55
4.645267403634467428000000000000000000000e+57
-4.364573754228231594000000000000000000000e+59
4.100841222013083407000000000000000000000e+61
-3.853044919190606751000000000000000000000e+63
3.620221887550365424000000000000000000000e+65
-3.401467356329667013000000000000000000000e+67
3.195931226194866806000000000000000000000e+69
-3.002814765680643145000000000000000000000e+71
2.821367507249326526000000000000000000000e+73
-2.650884330908094916000000000000000000000e+75
2.490702724050709671000000000000000000000e+77
-2.340200206875303530000000000000000000000e+79
2.198791913373165099000000000000000000000e+81
-2.065928318488024909000000000000000000000e+83
1.941093102613394224000000000000000000000e+85
-1.823801145129195251000000000000000000000e+87
1.713596639180397915000000000000000000000e+89
-1.610051320371522336000000000000000000000e+91
1.512762802493558984000000000000000000000e+93
-1.421353013815796944000000000000000000000e+95
1.335466727865851447000000000000000000000e+97
-1.254770182988374094000000000000000000000e+99
1.178949785317925271000000000000000000000e+101
-1.107710890125654308000000000000000000000e+103
1.040776656803987949000000000000000000000e+105
-9.778869730396984166000000000000000000000e+106
9.187974439945948408000000000000000000000e+108
-8.632784425657032734000000000000000000000e+110
8.111142170341633350000000000000000000000e+112
-7.621020526350872331000000000000000000000e+114
7.160514837901683380000000000000000000000e+116
-6.727835539417041824000000000000000000000e+118
6.321301201116858346000000000000000000000e+120
-5.939331994834079868000000000000000000000e+122
5.580443554663588224000000000000000000000e+124
-5.243241208585838304000000000000000000000e+126
4.926414558648822546000000000000000000000e+128
-4.628732388646458850000000000000000000000e+130
4.349037879504211495000000000000000000000e+132
-4.086244113778500160000000000000000000000e+134
3.839329851799988808000000000000000000000e+136
-3.607335563046478062000000000000000000000e+138
3.389359697322969523000000000000000000000e+140
-3.184555181258372890000000000000000000000e+142
2.992126126503941262000000000000000000000e+144
-2.811324736841201170000000000000000000000e+146
2.641448402180127370000000000000000000000e+148
-2.481836968154583320000000000000000000000e+150
2.331870170704436382000000000000000000000e+152
-2.190965225674908426000000000000000000000e+154
2.058574564066132350000000000000000000000e+156
-1.934183704131894346000000000000000000000e+158
1.817309252058354374000000000000000000000e+160
-1.707497023453200536000000000000000000000e+162
1.604320278345185077000000000000000000000e+164
-1.507378062835092798000000000000000000000e+166
1.416293650953649152000000000000000000000e+168
-1.330713080671296066000000000000000000000e+170
1.250303778370636539000000000000000000000e+172
-1.174753266436129630000000000000000000000e+174
1.103767948938613573000000000000000000000e+176
-1.037071970695722200600000000000000000000e+178
9.744061452744032578000000000000000000000e+179
-9.155269477696606820000000000000000000000e+181
8.602055684453713408000000000000000000000e+183
-8.082270235595412016000000000000000000000e+185
7.593893199185906016000000000000000000000e+187
-7.135026699140513552000000000000000000000e+189
6.703887539912408208000000000000000000000e+191
-6.298800276838006198000000000000000000000e+193
5.918190705211761126000000000000000000000e+195
-5.560579742788319751000000000000000000000e+197
1.0000000000
269.0000000000
-24993.0000000000
2348563.0000000000
-220664653.0000000000
20733083427.0000000000
-1948027183229.0000000000
183031622890115.0000000000
-17197180442937596.0000000000
1615802835144573952.0000000000
-151816677781818212400.0000000000
14264304500150332560000.0000000000
-1340237356303003884000000.0000000000
125925254274481768800000000.0000000000
-11831612952376075740000000000.0000000000
1111667916506253224000000000000.000000000
-104449457699778291010000000000000.0000000
9813802352113134481000000000000000.000000
-922079623267835488500000000000000000.0000
86636229377768080480000000000000000000.00
-8140117243017128269000000000000000000000
7.648244759260990058000000000000000000000e+41
-7.186094026808123906000000000000000000000e+43
6.751869087295932384000000000000000000000e+45
-6.343882504447452462000000000000000000000e+47
5.960548806545687000000000000000000000000e+49
-5.600378325151167348000000000000000000000e+51
5.261971406119479558000000000000000000000e+53
-4.944012970422250464000000000000000000000e+55
4.645267403634467428000000000000000000000e+57
-4.364573754228231594000000000000000000000e+59
4.100841222013083407000000000000000000000e+61
-3.853044919190606751000000000000000000000e+63
3.620221887550365424000000000000000000000e+65
-3.401467356329667013000000000000000000000e+67
3.195931226194866806000000000000000000000e+69
-3.002814765680643145000000000000000000000e+71
2.821367507249326526000000000000000000000e+73
-2.650884330908094916000000000000000000000e+75
2.490702724050709671000000000000000000000e+77
-2.340200206875303530000000000000000000000e+79
2.198791913373165099000000000000000000000e+81
-2.065928318488024909000000000000000000000e+83
1.941093102613394224000000000000000000000e+85
-1.823801145129195251000000000000000000000e+87
1.713596639180397915000000000000000000000e+89
-1.610051320371522336000000000000000000000e+91
1.512762802493558984000000000000000000000e+93
-1.421353013815796944000000000000000000000e+95
1.335466727865851447000000000000000000000e+97
-1.254770182988374094000000000000000000000e+99
1.178949785317925271000000000000000000000e+101
-1.107710890125654308000000000000000000000e+103
1.040776656803987949000000000000000000000e+105
-9.778869730396984166000000000000000000000e+106
9.187974439945948408000000000000000000000e+108
-8.632784425657032734000000000000000000000e+110
8.111142170341633350000000000000000000000e+112
-7.621020526350872331000000000000000000000e+114
7.160514837901683380000000000000000000000e+116
-6.727835539417041824000000000000000000000e+118
6.321301201116858346000000000000000000000e+120
-5.939331994834079868000000000000000000000e+122
5.580443554663588224000000000000000000000e+124
-5.243241208585838304000000000000000000000e+126
4.926414558648822546000000000000000000000e+128
-4.628732388646458850000000000000000000000e+130
4.349037879504211495000000000000000000000e+132
-4.086244113778500160000000000000000000000e+134
3.839329851799988808000000000000000000000e+136
-3.607335563046478062000000000000000000000e+138
3.389359697322969523000000000000000000000e+140
-3.184555181258372890000000000000000000000e+142
2.992126126503941262000000000000000000000e+144
-2.811324736841201170000000000000000000000e+146
2.641448402180127370000000000000000000000e+148
-2.481836968154583320000000000000000000000e+150
2.331870170704436382000000000000000000000e+152
-2.190965225674908426000000000000000000000e+154
2.058574564066132350000000000000000000000e+156
-1.934183704131894346000000000000000000000e+158
1.817309252058354374000000000000000000000e+160
-1.707497023453200536000000000000000000000e+162
1.604320278345185077000000000000000000000e+164
-1.507378062835092798000000000000000000000e+166
1.416293650953649152000000000000000000000e+168
-1.330713080671296066000000000000000000000e+170
1.250303778370636539000000000000000000000e+172
-1.174753266436129630000000000000000000000e+174
1.103767948938613573000000000000000000000e+176
-1.037071970695722200600000000000000000000e+178
9.744061452744032578000000000000000000000e+179
-9.155269477696606820000000000000000000000e+181
8.602055684453713408000000000000000000000e+183
-8.082270235595412016000000000000000000000e+185
7.593893199185906016000000000000000000000e+187
-7.135026699140513552000000000000000000000e+189
6.703887539912408208000000000000000000000e+191
-6.298800276838006198000000000000000000000e+193
5.918190705211761126000000000000000000000e+195
-5.560579742788319751000000000000000000000e+197
5.224577681938936106000000000000000000000e+199
-4.908878789125484038000000000000000000000e+201
4.612256230705179154000000000000000000000e+203
-4.333557305347218962000000000000000000000e+205
4.071698964534104240000000000000000000000e+207
-3.825663603739919624000000000000000000000e+209
3.594495107929710835000000000000000000000e+211
-3.377295136012431868000000000000000000000e+213
3.173219629808514160000000000000000000000e+215
-2.981475533965598432000000000000000000000e+217
2.801317714075738932000000000000000000000e+219
-2.632046061017608940000000000000000000000e+221
2.473002770270921895000000000000000000000e+223
-2.323569785630259486000000000000000000000e+225
2.183166397384335243000000000000000000000e+227
-2.051246985627022793000000000000000000000e+229
1.927298899930447290000000000000000000000e+231
-1.810840467140369804000000000000000000000e+233
1.701419119551975258000000000000000000000e+235
-1.598609636192000570000000000000000000000e+237
1.502012490372659534000000000000000000000e+239
-1.411252297095823266000000000000000000000e+241
1.325976354273924768000000000000000000000e+243
-1.245853272098650857000000000000000000000e+245
1.170571685231022128000000000000000000000e+247
-1.099839042808321392000000000000000000000e+249
1.033380471565729661500000000000000000000e+251
-9.709377076546625194000000000000000000000e+252
9.122680930067564516000000000000000000000e+254
-8.571436323432892632000000000000000000000e+256
8.053501071654892544000000000000000000000e+258
-7.566862432826225491000000000000000000000e+260
7.109629286427989748000000000000000000000e+262
-6.680024784269180724000000000000000000000e+264
6.276379445498457456000000000000000000000e+266
-5.897124668854841330000000000000000000000e+268
5.540786636945350912000000000000000000000e+270
-5.205980588861088087000000000000000000000e+272
4.891405438874644406000000000000000000000e+274
-4.595838720306620942000000000000000000000e+276
4.318131834912673655000000000000000000000e+278
-4.057205589329790853000000000000000000000e+280
3.812046001236038822000000000000000000000e+282
-3.581700358926144474000000000000000000000e+284
3.365273518990081543000000000000000000000e+286
-3.161924427707106344000000000000000000000e+288
2.970862852637084061000000000000000000000e+290
-2.791346311707776041000000000000000000000e+292
2.622677187864254664000000000000000000000e+294
-2.464200018067716304000000000000000000000e+296
2.315298946108507569000000000000000000000e+298
-2.175395329334770223000000000000000000000e+300
2.043945489996240799000000000000000000000e+302
-1.920438602464732471000000000000000000000e+304
1.804394708120849721000000000000000000000e+306
-1.695362850192612903000000000000000000000e+308
