1.0000000000
1.5265625000
0.7959033203
1.0404568024
1.6148395344
1.9620236966
2.0826373961
2.0764183193
2.0370775516
2.0074028663
1.9951679530
1.9940008642
1.9966160556
1.9990391505
2.0002139870
2.0004489442
2.0002960148
2.0001060088
1.9999987917
1.9999683306
1.9999750963
1.9999893145
1.9999986926
2.0000020526
2.0000020154
2.0000010126
2.0000002237
1.9999998851
1.9999998436
1.9999999085
1.9999999724
2.0000000045
2.0000000116
2.0000000079
2.0000000030
2.0000000001
1.9999999992
1.9999999993
1.9999999997
2.0000000000
2.0000000001
2.0000000000
1.3687500000
0.8030273437
1.1368165894
1.6743040976
1.9837119011
2.0820623054
2.0697820421
2.0319144859
2.0052140271
1.9949157707
1.9944341237
1.9970344545
1.9992473142
2.0002587817
2.0004243701
2.0002634435
2.0000871540
1.9999931908
1.9999693258
1.9999775121
1.9999909527
1.9999992992
2.0000020617
2.0000018471
2.0000008757
2.0000001633
1.9999998766
1.9999998543
1.9999999195
1.9999999781
2.0000000058
2.0000000110
2.0000000071
2.0000000025
1.9999999999
1.9999999992
1.9999999994
1.9999999997
2.0000000000
2.0000000001
0.0000000000
0.0000000000
1.6843750000
0.7887792969
0.9440970154
1.5553749713
1.9403354920
2.0832124868
2.0830545965
2.0422406172
2.0095917056
1.9954201353
1.9935676047
1.9961976567
1.9988309868
2.0001691924
2.0004735183
2.0003285860
2.0001248637
2.0000043925
1.9999673355
1.9999726804
1.9999876763
1.9999980861
2.0000020434
2.0000021838
2.0000011495
2.0000002841
1.9999998936
1.9999998329
1.9999998975
1.9999999667
2.0000000031
2.0000000121
2.0000000088
2.0000000035
2.0000000002
1.9999999992
1.9999999993
1.9999999997
1.9999999999
2.0000000000
2.0000000001
2.0000000000
1.3687500000
0.8030273437
1.1368165894
1.6743040976
1.9837119011
2.0820623054
2.0697820421
2.0319144859
2.0052140271
1.9949157707
1.9944341237
1.9970344545
1.9992473142
2.0002587817
2.0004243701
2.0002634435
2.0000871540
1.9999931908
1.9999693258
1.9999775121
1.9999909527
1.9999992992
2.0000020617
2.0000018471
2.0000008757
2.0000001633
1.9999998766
1.9999998543
1.9999999195
1.9999999781
2.0000000058
2.0000000110
2.0000000071
2.0000000025
1.9999999999
1.9999999992
1.9999999994
1.9999999997
2.0000000000
2.0000000001
