1.0000000000
5.3470703125
5.5927432861
5.5784270084
5.2421275739
5.0370051955
4.9566357375
4.9553764590
4.9768156098
4.9944774913
5.0023021893
5.0034377638
5.0020739373
5.0006581725
4.9999240825
4.9997488284
4.9998216991
4.9999305729
4.9999962830
5.0000171458
5.0000147490
5.0000067948
5.0000011462
4.9999989459
4.9999988274
4.9999993703
4.9999998375
5.0000000528
5.0000000892
5.0000000558
5.0000000187
4.9999999987
4.9999999936
4.9999999952
4.9999999981
4.9999999998
5.0000000004
5.0000000004
5.0000000002
5.0000000000
5.0000000000
2.0000000000
5.3485937500
5.6055209961
5.5191897018
5.2069521558
5.0224246116
4.9561019108
4.9589573605
4.9798790793
4.9958703683
5.0025286957
5.0032141809
5.0018302255
5.0005285497
4.9998913219
4.9997602475
4.9998402948
4.9999420937
5.0000000836
5.0000168394
5.0000134038
5.0000058109
5.0000007512
4.9999989159
4.9999989179
4.9999994511
4.9999998758
5.0000000599
5.0000000838
5.0000000494
5.0000000152
4.9999999978
4.9999999938
4.9999999957
4.9999999984
4.9999999999
5.0000000004
5.0000000004
5.0000000002
5.0000000000
5.0000000000
0.0000000000
0.0000000000
5.3455468750
5.5799655762
5.6376643150
5.2773029919
5.0515857794
4.9571695642
4.9517955574
4.9737521404
4.9930846143
5.0020756829
5.0036613466
5.0023176491
5.0007877953
4.9999568432
4.9997374092
4.9998031034
4.9999190521
4.9999924823
5.0000174522
5.0000160942
5.0000077787
5.0000015411
4.9999989758
4.9999987369
4.9999992894
4.9999997992
5.0000000457
5.0000000946
5.0000000622
5.0000000222
4.9999999997
4.9999999933
4.9999999948
4.9999999978
4.9999999997
5.0000000004
5.0000000004
5.0000000002
5.0000000000
5.0000000000
5.0000000000
2.0000000000
5.3485937500
5.6055209961
5.5191897018
5.2069521558
5.0224246116
4.9561019108
4.9589573605
4.9798790793
4.9958703683
5.0025286957
5.0032141809
5.0018302255
5.0005285497
4.9998913219
4.9997602475
4.9998402948
4.9999420937
5.0000000836
5.0000168394
5.0000134038
5.0000058109
5.0000007512
4.9999989159
4.9999989179
4.9999994511
4.9999998758
5.0000000599
5.0000000838
5.0000000494
5.0000000152
4.9999999978
4.9999999938
4.9999999957
4.9999999984
4.9999999999
5.0000000004
5.0000000004
5.0000000002
5.0000000000
5.0000000000
